x,y
-149.8394012451172,14.335071563720703
-149.43946838378906,14.034971237182617
-149.03955078125,13.734870910644531
-148.63961791992188,13.434770584106445
-148.2393341064453,13.134391784667969
-147.8394012451172,12.834291458129883
-147.43948364257812,12.534191131591797
-147.03955078125,12.234090805053711
-146.63963317871094,11.933990478515625
-146.2397003173828,11.633890151977539
-145.83978271484375,11.333789825439453
-145.43984985351562,11.033689498901367
-145.03993225097656,10.733589172363281
-144.6400146484375,10.433488845825195
-144.24008178710938,10.13338851928711
-143.8401641845703,9.833288192749023
-143.4402313232422,9.533187866210938
-143.04031372070312,9.233088493347168
-142.640380859375,8.932988166809082
-142.24046325683594,8.632887840270996
-141.8405303955078,8.33278751373291
-141.44061279296875,8.032687187194824
-141.04067993164062,7.732586860656738
-140.64076232910156,7.432485580444336
-140.24082946777344,7.13238525390625
-139.84091186523438,6.832284927368164
-139.44097900390625,6.532184600830078
-139.0410614013672,6.232084274291992
-138.64114379882812,5.931983947753906
-138.2412109375,5.63188362121582
-137.84129333496094,5.331783294677734
-137.4413604736328,5.031682968139648
-137.04144287109375,4.731582164764404
-136.64151000976562,4.431481838226318
-136.24159240722656,4.131381511688232
-135.84165954589844,3.8312811851501465
-135.44174194335938,3.5311808586120605
-135.04180908203125,3.231079578399658
-134.6418914794922,2.9309792518615723
-134.24195861816406,2.6308789253234863
-133.842041015625,2.3307790756225586
-133.44212341308594,2.0306782722473145
-133.0421905517578,1.730578064918518
-132.64227294921875,1.4304777383804321
-132.24234008789062,1.1303774118423462
-131.84242248535156,0.8302770853042603
-131.44248962402344,0.5301768779754639
-131.04257202148438,0.23007655143737793
-130.64263916015625,-0.07002425193786621
-130.2427215576172,-0.37012457847595215
-129.84278869628906,-0.6702249050140381
-129.44287109375,-0.970325231552124
-129.04293823242188,-1.27042555809021
-128.6430206298828,-1.570526361465454
-128.24310302734375,-1.87062668800354
-127.84317779541016,-2.170727014541626
-127.4432601928711,-2.470827341079712
-127.04332733154297,-2.770927667617798
-126.64339447021484,-3.071027994155884
-126.24347686767578,-3.3711283206939697
-125.84355163574219,-3.6712286472320557
-125.44363403320312,-3.9713294506073
-125.04370880126953,-4.271430015563965
-124.64378356933594,-4.571530342102051
-124.24385833740234,-4.871630668640137
-123.84393310546875,-5.171730995178223
-123.43649291992188,-5.478069305419922
-123.03845977783203,-5.785238265991211
-122.6453628540039,-6.098685264587402
-122.25727844238281,-6.418333053588867
-121.87432098388672,-6.744099140167236
-121.49657440185547,-7.075904369354248
-121.12415313720703,-7.413663864135742
-120.75714111328125,-7.757290840148926
-120.3956298828125,-8.10669994354248
-120.03970336914062,-8.461804389953613
-119.689453125,-8.82251262664795
-119.34498596191406,-9.188736915588379
-119.00636291503906,-9.560379981994629
-118.67369079589844,-9.937352180480957
-118.3470458984375,-10.319558143615723
-118.02649688720703,-10.706899642944336
-117.71214294433594,-11.099281311035156
-117.404052734375,-11.496603965759277
-117.1023178100586,-11.898765563964844
-116.80699920654297,-12.305665016174316
-116.51818084716797,-12.717201232910156
-116.23593139648438,-13.133269309997559
-115.96031188964844,-13.553766250610352
-115.69140625,-13.978586196899414
-115.42926788330078,-14.407620429992676
-115.17398834228516,-14.840760231018066
-114.92561340332031,-15.277897834777832
-114.6842041015625,-15.718924522399902
-114.4498291015625,-16.163724899291992
-114.22254180908203,-16.61219024658203
-114.00239562988281,-17.064205169677734
-113.78945922851562,-17.51966094970703
-113.58377838134766,-17.978435516357422
-113.38540649414062,-18.440420150756836
-113.19438934326172,-18.90549659729004
-113.01077270507812,-19.373544692993164
-112.82064056396484,-19.837968826293945
-112.59832763671875,-20.290800094604492
-112.34541320800781,-20.72726821899414
-112.06307220458984,-21.145309448242188
-111.75265502929688,-21.542945861816406
-111.4156265258789,-21.918292999267578
-111.0535888671875,-22.269569396972656
-110.6682357788086,-22.595115661621094
-110.26141357421875,-22.893390655517578
-109.83503723144531,-23.162981033325195
-109.3911361694336,-23.402610778808594
-108.93180084228516,-23.61114501953125
-108.45921325683594,-23.787593841552734
-107.97562408447266,-23.931127548217773
-107.48329162597656,-24.041059494018555
-106.98456573486328,-24.116872787475586
-106.4818115234375,-24.1582088470459
-105.97740173339844,-24.164873123168945
-105.47372436523438,-24.136825561523438
-104.97317504882812,-24.074209213256836
-104.47811126708984,-23.977317810058594
-103.99089813232422,-23.846609115600586
-103.52436065673828,-23.6954345703125
-103.04916381835938,-23.539918899536133
-102.57395935058594,-23.384403228759766
-102.09876251220703,-23.2288875579834
-101.6235580444336,-23.0733699798584
-101.15663146972656,-22.923337936401367
-100.65840911865234,-22.78706169128418
-100.15373229980469,-22.677034378051758
-99.64399719238281,-22.593555450439453
-99.13058471679688,-22.536855697631836
-98.61492919921875,-22.50709342956543
-98.09840393066406,-22.504344940185547
-97.58245086669922,-22.528615951538086
-97.06847381591797,-22.57984733581543
-96.55787658691406,-22.657894134521484
-96.05206298828125,-22.762544631958008
-95.55242156982422,-22.893510818481445
-95.06029510498047,-23.050432205200195
-94.57707214355469,-23.23288345336914
-94.10404205322266,-23.440359115600586
-93.64252471923828,-23.672300338745117
-93.19377136230469,-23.928062438964844
-92.75900268554688,-24.20694923400879
-92.33942413330078,-24.508197784423828
-91.9361801147461,-24.830982208251953
-91.55036163330078,-25.174421310424805
-91.18305206298828,-25.537569046020508
-90.8352279663086,-25.91943359375
-90.50785827636719,-26.318971633911133
-90.20183563232422,-26.735088348388672
-89.91800689697266,-27.166641235351562
-89.65714263916016,-27.612449645996094
-89.4199447631836,-28.0712947845459
-89.20708465576172,-28.541921615600586
-89.01912689208984,-29.023035049438477
-88.85660552978516,-29.513324737548828
-88.71993255615234,-30.011444091796875
-88.60952758789062,-30.51603126525879
-88.5256576538086,-31.02570343017578
-88.46855926513672,-31.5390625
-88.43840789794922,-32.05470657348633
-88.43421936035156,-32.57094955444336
-88.43702697753906,-33.07094192504883
-88.4398422241211,-33.5709342956543
-88.44265747070312,-34.070926666259766
-88.44546508789062,-34.570919036865234
-88.44828033447266,-35.0709114074707
-88.45016479492188,-35.5786018371582
-88.441650390625,-36.08446502685547
-88.42039489746094,-36.58995819091797
-88.38642883300781,-37.094757080078125
-88.33975982666016,-37.59853744506836
-88.28043365478516,-38.10098648071289
-88.20848083496094,-38.601783752441406
-88.12394714355469,-39.10060501098633
-88.02688598632812,-39.59714889526367
-87.9173583984375,-40.091087341308594
-87.79544067382812,-40.58211898803711
-87.66118621826172,-41.069915771484375
-87.51470947265625,-41.55419158935547
-87.35609436035156,-42.03461456298828
-87.1854248046875,-42.510902404785156
-87.00283813476562,-42.98274230957031
-86.80843353271484,-43.44983673095703
-86.6023178100586,-43.91189193725586
-86.38465118408203,-44.368614196777344
-86.15555572509766,-44.81970977783203
-85.9151840209961,-45.26490020751953
-85.66368103027344,-45.70389938354492
-85.40120697021484,-46.13642501831055
-85.1279296875,-46.56221008300781
-84.8440170288086,-46.98098373413086
-84.5496597290039,-47.39248275756836
-84.24504089355469,-47.79643630981445
-83.93035888671875,-48.192596435546875
-83.60579681396484,-48.58071517944336
-83.27157592773438,-48.96054458618164
-82.92789459228516,-49.33183670043945
-82.57498168945312,-49.69436264038086
-82.21305084228516,-50.04789352416992
-81.84235382080078,-50.3922004699707
-81.46308898925781,-50.72706604003906
-81.07551574707031,-51.05228042602539
-80.67990112304688,-51.36764907836914
-80.27645874023438,-51.67294692993164
-79.86546325683594,-51.96800231933594
-79.4471664428711,-52.25261688232422
-79.02184295654297,-52.52661895751953
-78.58976745605469,-52.78982162475586
-78.15119934082031,-53.04207229614258
-77.7064208984375,-53.283203125
-77.2557144165039,-53.5130615234375
-76.79936218261719,-53.73150634765625
-76.33907318115234,-53.939876556396484
-75.883056640625,-54.14493179321289
-75.42704010009766,-54.34998321533203
-74.97101593017578,-54.55503463745117
-74.51499938964844,-54.76008987426758
-74.0589828491211,-54.96514129638672
-73.60295867919922,-55.170196533203125
-73.14694213867188,-55.375247955322266
-72.69092559814453,-55.58030319213867
-72.23490905761719,-55.78535461425781
-71.77888488769531,-55.99040603637695
-71.32286834716797,-56.19546127319336
-70.86685180664062,-56.4005126953125
-70.41082763671875,-56.605567932128906
-69.9548110961914,-56.81061935424805
-69.49879455566406,-57.01567077636719
-69.04277038574219,-57.220726013183594
-68.58675384521484,-57.425777435302734
-68.1307373046875,-57.63083267211914
-67.67471313476562,-57.83588409423828
-67.21869659423828,-58.04093551635742
-66.76268005371094,-58.24599075317383
-66.3066635131836,-58.45104217529297
-65.85063934326172,-58.656097412109375
-65.39462280273438,-58.861148834228516
-64.93860626220703,-59.06620407104492
-64.48258209228516,-59.27125549316406
-64.02656555175781,-59.4763069152832
-63.57054901123047,-59.68136215209961
-63.114532470703125,-59.88641357421875
-62.65850830078125,-60.091468811035156
-62.202491760253906,-60.2965202331543
-61.74647521972656,-60.50157165527344
-61.29045486450195,-60.706626892089844
-60.831275939941406,-60.913204193115234
-60.38247299194336,-61.11899948120117
-59.93589401245117,-61.329586029052734
-59.49159622192383,-61.54494094848633
-59.04963684082031,-61.76504898071289
-58.61005401611328,-61.989871978759766
-58.17290496826172,-62.21938705444336
-57.73823547363281,-62.45357894897461
-57.30610275268555,-62.692405700683594
-56.87655258178711,-62.935848236083984
-56.44963455200195,-63.18387222290039
-56.025394439697266,-63.436458587646484
-55.60388946533203,-63.693572998046875
-55.18515396118164,-63.955177307128906
-54.769248962402344,-64.22127532958984
-54.35621643066406,-64.49179077148438
-53.94610595703125,-64.76671600341797
-53.53895950317383,-65.0460205078125
-53.13482666015625,-65.32966613769531
-52.733760833740234,-65.61763763427734
-52.33579635620117,-65.90987396240234
-51.94098663330078,-66.20635986328125
-51.549373626708984,-66.5070571899414
-51.16100311279297,-66.81192016601562
-50.77592468261719,-67.12094116210938
-50.394168853759766,-67.43406677246094
-50.01579284667969,-67.75125122070312
-49.64083480834961,-68.07247161865234
-49.26933670043945,-68.39768981933594
-48.901344299316406,-68.72686767578125
-48.536903381347656,-69.05997467041016
-48.17604064941406,-69.39695739746094
-47.81881332397461,-69.73777770996094
-47.46525573730469,-70.0824203491211
-47.11540603637695,-70.43082427978516
-46.769317626953125,-70.782958984375
-46.42700958251953,-71.13876342773438
-46.068782806396484,-71.49858093261719
-45.68073654174805,-71.82190704345703
-45.26321029663086,-72.10614776611328
-44.82012176513672,-72.3486328125
-44.35563659667969,-72.54707336425781
-43.874122619628906,-72.6996078491211
-43.38010025024414,-72.8048095703125
-42.878211975097656,-72.86167907714844
-42.3731803894043,-72.86968994140625
-41.8697395324707,-72.82876586914062
-41.37263488769531,-72.73929595947266
-40.88652038574219,-72.60211181640625
-40.415977478027344,-72.41849517822266
-39.96541976928711,-72.19019317626953
-39.539085388183594,-71.9193344116211
-39.1409797668457,-71.60847473144531
-38.774837493896484,-71.26053619384766
-38.44410705566406,-70.8787612915039
-38.15053939819336,-70.46581268310547
-37.87501907348633,-70.04856872558594
-37.5994987487793,-69.63133239746094
-37.323978424072266,-69.2140884399414
-37.048465728759766,-68.7968521118164
-36.772945404052734,-68.37960815429688
-36.4974250793457,-67.96237182617188
-36.22190475463867,-67.54512786865234
-35.94638442993164,-67.12789154052734
-35.66912078857422,-66.70803833007812
-35.389442443847656,-66.30322265625
-35.094459533691406,-65.9094009399414
-34.78460693359375,-65.52717590332031
-34.460330963134766,-65.15711975097656
-34.12211608886719,-64.79975128173828
-33.77045822143555,-64.45559692382812
-33.40586853027344,-64.12517547607422
-33.02888870239258,-63.8089714050293
-32.64006805419922,-63.5074348449707
-32.2399787902832,-63.22102355957031
-31.829214096069336,-62.95014572143555
-31.408369064331055,-62.69520950317383
-30.978063583374023,-62.456581115722656
-30.53893280029297,-62.234622955322266
-30.091617584228516,-62.0296516418457
-29.63677978515625,-61.84197235107422
-29.17508316040039,-61.67185592651367
-28.70720672607422,-61.51955795288086
-28.233840942382812,-61.38529586791992
-27.755674362182617,-61.26926803588867
-27.273418426513672,-61.17164993286133
-26.787771224975586,-61.09257888793945
-26.299455642700195,-61.03217697143555
-25.809181213378906,-60.99052429199219
-25.317670822143555,-60.96770095825195
-24.825647354125977,-60.963714599609375
-24.333833694458008,-60.97858810424805
-23.84294891357422,-61.012298583984375
-23.353717803955078,-61.06478500366211
-22.86685562133789,-61.135982513427734
-22.383079528808594,-61.22578430175781
-21.903100967407227,-61.334049224853516
-21.427621841430664,-61.460636138916016
-20.95734405517578,-61.60533905029297
-20.481096267700195,-61.77191925048828
-20.011213302612305,-61.942832946777344
-19.541330337524414,-62.113746643066406
-19.071449279785156,-62.28465270996094
-18.601566314697266,-62.45556640625
-18.131685256958008,-62.62647247314453
-17.661802291870117,-62.797386169433594
-17.191919326782227,-62.968299865722656
-16.72203826904297,-63.13920593261719
-16.246681213378906,-63.30344009399414
-15.758984565734863,-63.44438171386719
-15.264535903930664,-63.55942153930664
-14.764711380004883,-63.64823532104492
-14.260899543762207,-63.710575103759766
-13.754502296447754,-63.74628829956055
-13.246927261352539,-63.755245208740234
-12.739585876464844,-63.73743438720703
-12.233887672424316,-63.69291305541992
-11.731240272521973,-63.62179946899414
-11.233038902282715,-63.52428436279297
-10.740671157836914,-63.400638580322266
-10.255505561828613,-63.25121307373047
-9.778890609741211,-63.07643127441406
-9.32465934753418,-62.884361267089844
-8.86616325378418,-62.684906005859375
-8.40766716003418,-62.485450744628906
-7.94917106628418,-62.28599548339844
-7.49067497253418,-62.0865478515625
-7.03217887878418,-61.88709259033203
-6.57368278503418,-61.68763732910156
-6.115187168121338,-61.488189697265625
-5.656691074371338,-61.288734436035156
-5.1981964111328125,-61.08927917480469
-4.7397003173828125,-60.88983154296875
-4.2812042236328125,-60.69037628173828
-3.8227081298828125,-60.49092483520508
-3.3642122745513916,-60.291473388671875
-2.9057161808013916,-60.092018127441406
-2.4472203254699707,-59.8925666809082
-1.9887244701385498,-59.693111419677734
-1.530228614807129,-59.49365997314453
-1.0704050064086914,-59.29652404785156
-0.5977533459663391,-59.10454559326172
-0.12133920192718506,-58.92210006713867
0.35864412784576416,-58.749267578125
0.8420025110244751,-58.58610534667969
1.3285411596298218,-58.43269348144531
1.8180644512176514,-58.289085388183594
2.310373544692993,-58.15534210205078
2.8052704334259033,-58.03152084350586
3.302555561065674,-57.91766357421875
3.8020272254943848,-57.81381607055664
4.303484916687012,-57.72002410888672
4.80672550201416,-57.63633346557617
5.3115458488464355,-57.562767028808594
5.817741870880127,-57.49935531616211
6.32511043548584,-57.446128845214844
6.8334455490112305,-57.40310287475586
7.342543125152588,-57.370304107666016
7.84492301940918,-57.343849182128906
8.344234466552734,-57.31759262084961
8.843544006347656,-57.29133605957031
9.342853546142578,-57.265079498291016
9.8421630859375,-57.23882293701172
10.341474533081055,-57.21256637573242
10.840784072875977,-57.18630599975586
11.340093612670898,-57.16004943847656
11.839405059814453,-57.133792877197266
12.338714599609375,-57.10753631591797
12.838024139404297,-57.08127975463867
13.337334632873535,-57.055023193359375
13.836644172668457,-57.02876663208008
14.335954666137695,-57.00251007080078
14.835265159606934,-56.976253509521484
15.334574699401855,-56.94999694824219
15.83388614654541,-56.923736572265625
16.33319664001465,-56.89748001098633
16.83250617980957,-56.87122344970703
17.331817626953125,-56.844966888427734
17.831127166748047,-56.81871032714844
18.3304386138916,-56.79245376586914
18.829748153686523,-56.766197204589844
19.329057693481445,-56.73994064331055
19.828367233276367,-56.71368408203125
20.32767677307129,-56.68742752075195
20.826988220214844,-56.66116714477539
21.326297760009766,-56.634910583496094
21.82560920715332,-56.6086540222168
22.324918746948242,-56.5823974609375
22.824228286743164,-56.5561408996582
23.323537826538086,-56.529884338378906
23.822847366333008,-56.50362777709961
24.322158813476562,-56.47737121582031
24.821468353271484,-56.451114654541016
25.320777893066406,-56.42485427856445
25.82008934020996,-56.398597717285156
26.319398880004883,-56.37234115600586
26.818708419799805,-56.34608459472656
27.31801986694336,-56.319828033447266
27.81732940673828,-56.29357147216797
28.316638946533203,-56.26731491088867
28.815948486328125,-56.241058349609375
29.31679916381836,-56.21492004394531
29.81789207458496,-56.18928527832031
30.31900978088379,-56.16411209106445
30.820154190063477,-56.139461517333984
31.32132339477539,-56.115299224853516
31.8225154876709,-56.09165954589844
32.323734283447266,-56.068504333496094
32.82496643066406,-56.04584503173828
33.326229095458984,-56.02370071411133
33.827510833740234,-56.002052307128906
34.328819274902344,-55.98088836669922
34.830142974853516,-55.96024703979492
35.33148956298828,-55.940093994140625
35.832847595214844,-55.920467376708984
36.33423614501953,-55.901329040527344
36.83563995361328,-55.88267517089844
37.33706283569336,-55.86454391479492
37.838504791259766,-55.84690475463867
38.339962005615234,-55.82975769042969
38.84143829345703,-55.81312561035156
39.342926025390625,-55.79698944091797
39.84443283081055,-55.781368255615234
40.345951080322266,-55.76624298095703
40.850196838378906,-55.751495361328125
41.34999084472656,-55.737091064453125
41.85143280029297,-55.72265625
42.35575485229492,-55.708709716796875
42.86009216308594,-55.69537353515625
43.36444854736328,-55.68272018432617
43.86882019042969,-55.670677185058594
44.373207092285156,-55.65931701660156
44.87760543823242,-55.64860153198242
45.38031005859375,-55.63856506347656
45.87625503540039,-55.628482818603516
46.372188568115234,-55.61782455444336
46.86811447143555,-55.60659408569336
47.36402130126953,-55.59481430053711
47.85991668701172,-55.582462310791016
48.35580062866211,-55.56956481933594
48.85182571411133,-55.55609893798828
49.35163497924805,-55.54227066040039
49.84154510498047,-55.52872085571289
50.34135437011719,-55.514896392822266
50.841163635253906,-55.50107192993164
51.340972900390625,-55.48724365234375
51.840782165527344,-55.473419189453125
52.33842468261719,-55.45709991455078
52.845794677734375,-55.42912292480469
53.33964920043945,-55.39055252075195
53.8462028503418,-55.34752655029297
54.33711624145508,-55.294342041015625
54.825687408447266,-55.22279739379883
55.311241149902344,-55.13299560546875
55.793087005615234,-55.02505874633789
56.270545959472656,-54.89914321899414
56.73841094970703,-54.7521858215332
57.173126220703125,-54.523658752441406
57.54632568359375,-54.20440673828125
57.85453414916992,-53.81755065917969
58.14404296875,-53.41944122314453
58.40625762939453,-52.99371337890625
58.66847229003906,-52.567989349365234
58.935123443603516,-52.12752914428711
59.16427993774414,-51.68816375732422
59.36035919189453,-51.23308181762695
59.522300720214844,-50.76475524902344
59.649208068847656,-50.2857551574707
59.740257263183594,-49.80262756347656
59.81549072265625,-49.308738708496094
59.84817123413086,-48.814022064208984
59.830169677734375,-48.31855392456055
59.76167297363281,-47.8275146484375
59.65073776245117,-47.339603424072266
59.53248596191406,-46.840641021728516
59.3962516784668,-46.35605239868164
59.22087097167969,-45.89244842529297
58.91114044189453,-45.505374908447266
58.57362747192383,-45.136478424072266
58.23611831665039,-44.767578125
57.89493179321289,-44.39527893066406
57.54620361328125,-44.05031204223633
57.17203903198242,-43.73310852050781
56.77465057373047,-43.445533752441406
56.341819763183594,-43.188697814941406
55.88550567626953,-43.006065368652344
55.40574645996094,-42.89927291870117
54.90388107299805,-42.85140609741211
54.398956298828125,-42.80762481689453
53.90964126586914,-42.77155303955078
53.41978073120117,-42.7437858581543
52.92952346801758,-42.724327087402344
52.43900680541992,-42.71318435668945
51.94837188720703,-42.71036148071289
51.45775604248047,-42.715850830078125
50.967308044433594,-42.72966766357422
50.4771614074707,-42.75179672241211
49.98746109008789,-42.78223419189453
49.49835205078125,-42.82096481323242
49.002994537353516,-42.86480712890625
48.5092887878418,-42.908504486083984
48.011234283447266,-42.95259094238281
47.51318359375,-42.996673583984375
47.01512908935547,-43.0407600402832
46.5170783996582,-43.084842681884766
46.01902389526367,-43.12892532348633
45.52096939086914,-43.173011779785156
45.02291488647461,-43.21709442138672
44.524864196777344,-43.26117706298828
44.02681350708008,-43.30526351928711
43.52875900268555,-43.34934616088867
43.030704498291016,-43.3934326171875
42.53265380859375,-43.43751525878906
42.034603118896484,-43.481597900390625
41.53654861450195,-43.52568435668945
41.03849411010742,-43.569766998291016
40.54043960571289,-43.61384963989258
40.042388916015625,-43.657936096191406
39.54433822631836,-43.70201873779297
39.04628372192383,-43.74610137939453
38.5482292175293,-43.79018783569336
38.05017852783203,-43.83427047729492
37.552127838134766,-43.878353118896484
37.054073333740234,-43.92243957519531
36.5560188293457,-43.966522216796875
36.05796432495117,-44.01060485839844
35.559913635253906,-44.054691314697266
35.06186294555664,-44.09877395629883
34.56380844116211,-44.142860412597656
34.06575393676758,-44.18694305419922
33.56770324707031,-44.23102569580078
33.06965255737305,-44.27511215209961
32.571598052978516,-44.31919479370117
32.07354736328125,-44.363277435302734
31.57549285888672,-44.40736389160156
31.07744026184082,-44.451446533203125
30.579387664794922,-44.49552917480469
30.081335067749023,-44.539615631103516
29.583282470703125,-44.58369827270508
29.085229873657227,-44.62778091430664
28.587177276611328,-44.67186737060547
28.08912467956543,-44.71595001220703
27.5910701751709,-44.760032653808594
27.093019485473633,-44.80411911010742
26.5949649810791,-44.848201751708984
26.096912384033203,-44.89228439331055
25.598859786987305,-44.936370849609375
25.100807189941406,-44.98045349121094
24.602754592895508,-45.024539947509766
24.10470199584961,-45.06862258911133
23.60664939880371,-45.11270523071289
23.10859489440918,-45.15679168701172
22.610544204711914,-45.20087432861328
22.112489700317383,-45.244956970214844
21.614437103271484,-45.28904342651367
21.116384506225586,-45.333126068115234
20.618331909179688,-45.3772087097168
20.12027931213379,-45.421295166015625
19.62222671508789,-45.46537780761719
19.124174118041992,-45.50946044921875
18.62611961364746,-45.55354690551758
18.128067016601562,-45.59762954711914
17.630014419555664,-45.6417121887207
17.131961822509766,-45.68579864501953
16.633909225463867,-45.729881286621094
16.135854721069336,-45.77396774291992
15.637803077697754,-45.818050384521484
15.135828971862793,-45.862213134765625
14.629236221313477,-45.904693603515625
14.122446060180664,-45.94474411010742
13.615469932556152,-45.98237609863281
13.108321189880371,-46.01758575439453
12.601007461547852,-46.050357818603516
12.093544006347656,-46.080711364746094
11.585942268371582,-46.108638763427734
11.078210830688477,-46.13412857055664
10.570364952087402,-46.157196044921875
10.062414169311523,-46.17782974243164
9.55436897277832,-46.1960334777832
9.046244621276855,-46.211814880371094
8.538049697875977,-46.22516632080078
8.029796600341797,-46.236080169677734
7.5214972496032715,-46.244564056396484
7.013162612915039,-46.25061798095703
6.504805564880371,-46.25423812866211
5.996436595916748,-46.25542449951172
5.488067626953125,-46.254180908203125
4.979711055755615,-46.25050735473633
4.471376895904541,-46.24440383911133
3.963078498840332,-46.23586654663086
3.454826831817627,-46.22489929199219
2.9466333389282227,-46.21149826049805
2.438509464263916,-46.19567108154297
1.9304676055908203,-46.17741394042969
1.422518253326416,-46.156715393066406
0.9146740436553955,-46.13359832763672
0.40694618225097656,-46.108055114746094
-0.10065361857414246,-46.080074310302734
-0.6081138253211975,-46.04966735839844
-1.1154227256774902,-46.01683807373047
-1.6225688457489014,-45.98158264160156
-2.12954044342041,-45.94390106201172
-2.636326313018799,-45.90379333496094
-3.142913579940796,-45.86125946044922
-3.6492929458618164,-45.816307067871094
-4.155450820922852,-45.76892852783203
-4.661375999450684,-45.71913528442383
-5.167057991027832,-45.66692352294922
-5.672483921051025,-45.61228942871094
-6.177642822265625,-45.555233001708984
-6.682522773742676,-45.49576950073242
-7.187112808227539,-45.43389129638672
-7.691401958465576,-45.36960220336914
-8.195377349853516,-45.30289840698242
-8.699027061462402,-45.23377990722656
-9.202340126037598,-45.162261962890625
-9.705307006835938,-45.08832931518555
-10.20791244506836,-45.01199722290039
-10.710147857666016,-44.93325424194336
-11.205337524414062,-44.85401153564453
-11.69904899597168,-44.77497100830078
-12.19276237487793,-44.69593048095703
-12.68647575378418,-44.616886138916016
-13.18018913269043,-44.537845611572266
-13.673900604248047,-44.458805084228516
-14.167613983154297,-44.3797607421875
-14.661327362060547,-44.30072021484375
-15.155038833618164,-44.2216796875
-15.648752212524414,-44.14263916015625
-16.142465591430664,-44.063594818115234
-16.63617706298828,-43.984554290771484
-17.12989044189453,-43.905513763427734
-17.62360382080078,-43.82646942138672
-18.11731719970703,-43.74742889404297
-18.61103057861328,-43.66838836669922
-19.1047420501709,-43.5893440246582
-19.59845542907715,-43.51030349731445
-20.0921688079834,-43.4312629699707
-20.585880279541016,-43.35222244262695
-21.079593658447266,-43.27317810058594
-21.573307037353516,-43.19413757324219
-22.067020416259766,-43.11509704589844
-22.560733795166016,-43.03605270385742
-23.054445266723633,-42.95701217651367
-23.548675537109375,-42.877891540527344
-24.042388916015625,-42.79884719848633
-24.536102294921875,-42.71980667114258
-25.029813766479492,-42.64076614379883
-25.52301788330078,-42.561866760253906
-26.016742706298828,-42.4828987121582
-26.510467529296875,-42.4039306640625
-27.004192352294922,-42.32496643066406
-27.49791717529297,-42.24599838256836
-27.991127014160156,-42.167144775390625
-28.48486328125,-42.088253021240234
-28.978601455688477,-42.00935745239258
-29.47233772277832,-41.93046569824219
-29.973203659057617,-41.850433349609375
-30.46693992614746,-41.77153778076172
-38.203399658203125,-40.11805725097656
-38.651546478271484,-39.902339935302734
-39.0835075378418,-39.65581512451172
-39.49716567993164,-39.37969970703125
-39.88981246948242,-39.08009719848633
-40.27815628051758,-38.764259338378906
-40.61322784423828,-38.387977600097656
-40.8708381652832,-37.96205520629883
-41.0909423828125,-37.50300598144531
-41.298954010009766,-37.0483283996582
-41.50762939453125,-36.58074188232422
-41.690467834472656,-36.09394073486328
-41.83948516845703,-35.59575271606445
-41.95398712158203,-35.08851623535156
-42.033447265625,-34.574623107910156
-42.076560974121094,-34.08564376831055
-42.109310150146484,-33.58287811279297
-42.11791229248047,-33.06381607055664
-42.09115219116211,-32.54537582397461
-42.02915573120117,-32.02995681762695
-41.932334899902344,-31.52036476135254
-41.80146026611328,-31.0191593170166
-41.63709259033203,-30.52791976928711
-41.439964294433594,-30.04888153076172
-41.21359634399414,-29.579729080200195
-40.975746154785156,-29.137845993041992
-40.712589263916016,-28.710552215576172
-40.42500686645508,-28.299299240112305
-40.11397933959961,-27.90547752380371
-39.782493591308594,-27.531049728393555
-39.4404182434082,-27.156953811645508
-39.10020065307617,-26.80158042907715
-38.74663162231445,-26.459484100341797
-38.380218505859375,-26.131179809570312
-38.00151062011719,-25.817138671875
-37.611061096191406,-25.517826080322266
-37.206687927246094,-25.22676658630371
-36.78999328613281,-24.94794273376465
-36.33097457885742,-24.693328857421875
-35.851844787597656,-24.47896385192871
-35.35610580444336,-24.306419372558594
-34.862327575683594,-24.16803741455078
-34.38078689575195,-24.05196189880371
-33.890045166015625,-23.969453811645508
-33.3997917175293,-23.918170928955078
-32.884071350097656,-23.891645431518555
-32.38424301147461,-23.87859344482422
-31.870038986206055,-23.876598358154297
-31.371307373046875,-23.903226852416992
-30.874893188476562,-23.958154678344727
-30.38240623474121,-24.04120635986328
-29.902254104614258,-24.150310516357422
-29.417591094970703,-24.27320098876953
-28.93292999267578,-24.39609146118164
-28.448266983032227,-24.51898193359375
-27.963603973388672,-24.64187240600586
-27.47894287109375,-24.76476287841797
-26.994279861450195,-24.887653350830078
-26.50961685180664,-25.010543823242188
-26.024953842163086,-25.133438110351562
-25.54029083251953,-25.256328582763672
-25.05562973022461,-25.37921905517578
-24.570966720581055,-25.50210952758789
-24.0863037109375,-25.625
-23.601640701293945,-25.74789047241211
-23.11697769165039,-25.87078094482422
-22.63231658935547,-25.993671417236328
-22.147653579711914,-26.116561889648438
-21.660472869873047,-26.23839569091797
-21.16851234436035,-26.34957504272461
-20.67382049560547,-26.447893142700195
-20.176734924316406,-26.533281326293945
-19.677589416503906,-26.605688095092773
-19.176729202270508,-26.665056228637695
-18.674489974975586,-26.711355209350586
-18.17121696472168,-26.744543075561523
-17.667247772216797,-26.764606475830078
-17.162925720214844,-26.771522521972656
-16.658597946166992,-26.76529312133789
-16.15460205078125,-26.745922088623047
-15.65128231048584,-26.713422775268555
-15.148980140686035,-26.667810440063477
-14.648037910461426,-26.6091251373291
-14.148796081542969,-26.537403106689453
-13.651593208312988,-26.45269012451172
-13.156766891479492,-26.35504913330078
-12.664654731750488,-26.244543075561523
-12.175588607788086,-26.12125015258789
-11.686744689941406,-25.98687171936035
-11.204896926879883,-25.85336685180664
-10.723050117492676,-25.71986198425293
-10.241203308105469,-25.58635902404785
-9.759356498718262,-25.45285415649414
-9.277509689331055,-25.31934928894043
-8.795662879943848,-25.18584442138672
-8.30862808227539,-25.0509033203125
-7.811748027801514,-24.9174747467041
-7.304056644439697,-24.801864624023438
-6.791994094848633,-24.707487106323242
-6.276445388793945,-24.634506225585938
-5.758306980133057,-24.583045959472656
-5.2384748458862305,-24.553199768066406
-4.717851638793945,-24.545015335083008
-4.214621067047119,-24.551023483276367
-3.7104296684265137,-24.557979583740234
-3.2062463760375977,-24.565549850463867
-2.702073574066162,-24.573705673217773
-2.1979103088378906,-24.582477569580078
-1.6967228651046753,-24.591684341430664
-1.2056801319122314,-24.600711822509766
-0.7057645320892334,-24.60990333557129
-0.20584893226623535,-24.619094848632812
0.2940666675567627,-24.628286361694336
0.7939820289611816,-24.63747787475586
1.2938973903656006,-24.646669387817383
1.7938129901885986,-24.655860900878906
2.2937285900115967,-24.665050506591797
2.7936441898345947,-24.67424201965332
3.2935595512390137,-24.683433532714844
3.7934749126434326,-24.692625045776367
4.29339075088501,-24.70181655883789
4.79378604888916,-24.711015701293945
5.293701648712158,-24.72020721435547
5.793616771697998,-24.729398727416992
6.293532371520996,-24.738590240478516
6.793310165405273,-24.747751235961914
7.2928853034973145,-24.75689697265625
7.792801856994629,-24.766021728515625
8.292717933654785,-24.775142669677734
8.792634963989258,-24.78426742553711
9.29255199432373,-24.79338836669922
9.79198932647705,-24.802467346191406
10.29190731048584,-24.811521530151367
10.791825294494629,-24.820575714111328
11.291743278503418,-24.82962989807129
11.799237251281738,-24.838821411132812
12.299155235290527,-24.847875595092773
12.799073219299316,-24.856929779052734
13.298991203308105,-24.865983963012695
13.798909187316895,-24.87504005432129
14.298827171325684,-24.88409423828125
14.798745155334473,-24.89314842224121
15.298663139343262,-24.902202606201172
15.79858112335205,-24.911256790161133
16.298498153686523,-24.920310974121094
16.798416137695312,-24.929365158081055
17.2983341217041,-24.938419342041016
17.79825210571289,-24.947473526000977
18.29817008972168,-24.956527709960938
18.79808807373047,-24.9655818939209
19.298006057739258,-24.97463607788086
19.797924041748047,-24.98369026184082
20.297842025756836,-24.99274444580078
20.797760009765625,-25.001798629760742
21.297677993774414,-25.010852813720703
21.797595977783203,-25.019906997680664
22.297513961791992,-25.028961181640625
22.79743194580078,-25.038015365600586
23.29734992980957,-25.047069549560547
23.79726791381836,-25.056123733520508
24.29718589782715,-25.06517791748047
24.797103881835938,-25.074234008789062
25.297021865844727,-25.083288192749023
25.796939849853516,-25.092342376708984
26.296857833862305,-25.101396560668945
26.796775817871094,-25.110450744628906
27.296693801879883,-25.119504928588867
27.796611785888672,-25.128559112548828
28.29652976989746,-25.13761329650879
28.79644775390625,-25.14666748046875
29.29636573791504,-25.15572166442871
29.796283721923828,-25.164775848388672
30.296201705932617,-25.173830032348633
30.796119689941406,-25.182884216308594
31.296037673950195,-25.191938400268555
31.795955657958984,-25.200992584228516
32.29587936401367,-25.210046768188477
32.79579544067383,-25.219100952148438
33.29571533203125,-25.2281551361084
33.795631408691406,-25.23720932006836
34.29555130004883,-25.24626350402832
34.795467376708984,-25.25531768798828
35.28864669799805,-25.264249801635742
35.78856658935547,-25.273303985595703
36.28976058959961,-25.28239631652832
36.79317092895508,-25.291954040527344
37.296573638916016,-25.302034378051758
37.79996109008789,-25.31257438659668
38.30279541015625,-25.323631286621094
38.80267333984375,-25.33479118347168
39.302547454833984,-25.345951080322266
39.802371978759766,-25.357131958007812
40.30098342895508,-25.368085861206055
40.80086135864258,-25.379058837890625
41.30073928833008,-25.390029907226562
41.800621032714844,-25.4010009765625
42.30058288574219,-25.411603927612305
42.795867919921875,-25.420825958251953
43.29117965698242,-25.42874526977539
43.78650665283203,-25.435352325439453
44.281856536865234,-25.440643310546875
44.7772102355957,-25.44463348388672
45.272579193115234,-25.447309494018555
45.767948150634766,-25.448671340942383
46.266780853271484,-25.44908905029297
46.766780853271484,-25.449474334716797
47.266780853271484,-25.449859619140625
47.766780853271484,-25.450244903564453
48.26401138305664,-25.450469970703125
48.75723648071289,-25.449115753173828
49.25044631958008,-25.44584846496582
49.7436408996582,-25.440671920776367
50.236812591552734,-25.433582305908203
50.72995376586914,-25.42459487915039
51.223052978515625,-25.413684844970703
51.71611022949219,-25.4008731842041
52.209110260009766,-25.386152267456055
52.70205307006836,-25.369504928588867
53.19492721557617,-25.350976943969727
53.687721252441406,-25.330522537231445
54.18043518066406,-25.30815315246582
54.67306137084961,-25.283891677856445
55.16558837890625,-25.257715225219727
55.65801239013672,-25.229629516601562
56.15031814575195,-25.19964599609375
56.642513275146484,-25.167749404907227
57.13825988769531,-25.13397789001465
57.637088775634766,-25.09979248046875
58.13591766357422,-25.06560707092285
58.63475036621094,-25.031421661376953
59.13239288330078,-24.997304916381836
59.63715362548828,-24.959640502929688
60.14148712158203,-24.916545867919922
60.645328521728516,-24.868032455444336
61.14861297607422,-24.81409454345703
61.65129470825195,-24.754749298095703
62.15330123901367,-24.68999671936035
62.65458679199219,-24.619848251342773
63.155086517333984,-24.544307708740234
63.65475082397461,-24.46339225769043
64.15351104736328,-24.377099990844727
64.65131378173828,-24.285446166992188
65.1480941772461,-24.188447952270508
65.64381408691406,-24.086105346679688
66.12752532958984,-23.982223510742188
66.61268615722656,-23.87775421142578
67.09117889404297,-23.768798828125
67.56743621826172,-23.65049934387207
68.04129791259766,-23.522899627685547
68.51255798339844,-23.38604736328125
68.98106384277344,-23.239999771118164
69.44660949707031,-23.084808349609375
69.90904235839844,-22.920534133911133
70.36815643310547,-22.74724006652832
70.82380676269531,-22.56499671936035
71.27578735351562,-22.37386703491211
71.72779846191406,-22.175689697265625
72.1856460571289,-21.974761962890625
72.64350128173828,-21.773836135864258
73.10134887695312,-21.572908401489258
73.55519104003906,-21.373743057250977
73.94503021240234,-21.068513870239258
74.29842376708984,-20.714801788330078
74.63854217529297,-20.361812591552734
74.96206665039062,-19.985570907592773
75.26314544677734,-19.59114646911621
75.54077911376953,-19.179872512817383
75.80030059814453,-18.746431350708008
76.04291534423828,-18.31464385986328
76.27564239501953,-17.877443313598633
76.49835968017578,-17.435056686401367
76.7109375,-16.98771095275879
76.91171264648438,-16.540077209472656
77.1134262084961,-16.082571029663086
77.31294250488281,-15.630051612854004
77.51465606689453,-15.172545433044434
77.71636962890625,-14.715039253234863
77.91808319091797,-14.257533073425293
78.11979675292969,-13.800026893615723
78.3215103149414,-13.342520713806152
78.52322387695312,-12.885015487670898
78.72493743896484,-12.427509307861328
78.92665100097656,-11.970003128051758
79.12836456298828,-11.512496948242188
79.330078125,-11.054990768432617
79.53179168701172,-10.597485542297363
79.73350524902344,-10.139979362487793
79.93521881103516,-9.682473182678223
80.13693237304688,-9.224967002868652
80.3386459350586,-8.767460823059082
80.54035949707031,-8.309954643249512
80.74207305908203,-7.852449417114258
80.94378662109375,-7.3949432373046875
81.14550018310547,-6.937437057495117
81.34721374511719,-6.479931831359863
81.5489273071289,-6.022425651550293
81.75064086914062,-5.564919471740723
81.95235443115234,-5.107414245605469
82.15406799316406,-4.649908065795898
82.35578155517578,-4.192401885986328
82.5574951171875,-3.734895944595337
82.75920867919922,-3.2773897647857666
82.96092224121094,-2.8198840618133545
83.16263580322266,-2.362377882003784
83.36434936523438,-1.9048717021942139
83.5660629272461,-1.4473659992218018
83.7705307006836,-0.9836006164550781
83.97254180908203,-0.5254367589950562
84.17935180664062,-0.05853593349456787
84.38760375976562,0.40772581100463867
84.59725189208984,0.873356819152832
84.80833435058594,1.3383409976959229
85.02082061767578,1.802686333656311
85.23590850830078,2.2686820030212402
85.45342254638672,2.734898328781128
85.67286682128906,3.2002081871032715
85.89422607421875,3.6646082401275635
86.11750030517578,4.1280927658081055
86.34073638916016,4.586850643157959
86.55997467041016,5.036221504211426
86.77802276611328,5.483149528503418
86.99726104736328,5.932520389556885
87.21649932861328,6.381890773773193
87.43573760986328,6.831261157989502
87.65498352050781,7.280632495880127
87.87422180175781,7.7300028800964355
88.09346008300781,8.179374694824219
88.31269836425781,8.628746032714844
88.53193664550781,9.078115463256836
88.75117492675781,9.527486801147461
88.97041320800781,9.976858139038086
89.18965148925781,10.426229476928711
89.40888977050781,10.875598907470703
89.62812805175781,11.324970245361328
89.84736633300781,11.774341583251953
90.06661224365234,12.223712921142578
90.28585052490234,12.673084259033203
90.50508880615234,13.122453689575195
90.72432708740234,13.57182502746582
90.94356536865234,14.021196365356445
91.16280364990234,14.47056770324707
91.38204193115234,14.919937133789062
91.60128021240234,15.369308471679688
91.82051849365234,15.818679809570312
92.03976440429688,16.268051147460938
92.25900268554688,16.717422485351562
92.47824096679688,17.166791915893555
92.69747924804688,17.616165161132812
92.91671752929688,18.065536499023438
93.13595581054688,18.514907836914062
93.35519409179688,18.964277267456055
93.57443237304688,19.41364860534668
93.79367065429688,19.863019943237305
94.01290893554688,20.31239128112793
94.2321548461914,20.761762619018555
94.4513931274414,21.211132049560547
94.6706314086914,21.660503387451172
94.89458465576172,22.11954116821289
95.11602783203125,22.573347091674805
95.34022521972656,23.022722244262695
95.57109832763672,23.468700408935547
95.80860137939453,23.911190032958984
96.05268096923828,24.350086212158203
96.30327606201172,24.78529167175293
96.5550537109375,25.20722007751465
96.81656646728516,25.622644424438477
97.08878326416016,26.03114128112793
97.37151336669922,26.43242835998535
97.6645736694336,26.82623863220215
97.9677505493164,27.212308883666992
98.29808044433594,27.610607147216797
98.62214660644531,27.991371154785156
98.95182037353516,28.368173599243164
99.29605102539062,28.729976654052734
99.65536499023438,29.07681655883789
100.02909088134766,29.408061981201172
100.41656494140625,29.72311782836914
100.81710052490234,30.021411895751953
101.22994232177734,30.30240249633789
101.65790557861328,30.577665328979492
102.07850646972656,30.848018646240234
102.49911499023438,31.11837387084961
102.91971588134766,31.38872718811035
103.34032440185547,31.659080505371094
103.75719451904297,31.925989151000977
104.21923065185547,32.148502349853516
104.71541595458984,32.27801513671875
105.23014831542969,32.32118606567383
105.73751068115234,32.32176971435547
106.23747253417969,32.315547943115234
106.73883819580078,32.30930709838867
107.25110626220703,32.293365478515625
107.76246643066406,32.259132385253906
108.27228546142578,32.20664978027344
108.77989959716797,32.135986328125
109.28466033935547,32.04723358154297
109.78593444824219,31.940502166748047
110.2657241821289,31.82480812072754
110.75160217285156,31.70680809020996
111.23748016357422,31.588809967041016
111.72335815429688,31.470809936523438
112.209228515625,31.35280990600586
112.69510650634766,31.234811782836914
113.17947387695312,31.117361068725586
113.663818359375,31.000459671020508
114.14962005615234,30.883590698242188
114.6357421875,30.766613006591797
115.12186431884766,30.649635314941406
115.60798645019531,30.53266143798828
116.0941162109375,30.41568374633789
116.58023834228516,30.2987060546875
117.06636047363281,30.18172836303711
117.56250762939453,30.06081199645996
118.05838012695312,29.936595916748047
118.55343627929688,29.809221267700195
119.04766845703125,29.67868423461914
119.54106140136719,29.54499053955078
120.0335922241211,29.408138275146484
120.52523040771484,29.268152236938477
121.0159683227539,29.12502098083496
121.50578308105469,28.97875213623047
121.99465942382812,28.829357147216797
122.48255920410156,28.676843643188477
122.96947479248047,28.52121353149414
123.45538330078125,28.362468719482422
123.9402847290039,28.20062255859375
124.42412567138672,28.035690307617188
124.90542602539062,27.868213653564453
125.37726593017578,27.702781677246094
125.84910583496094,27.5373477935791
126.32093811035156,27.371915817260742
126.79277801513672,27.20648193359375
127.26461791992188,27.041048049926758
127.73645782470703,26.8756160736084
128.2082977294922,26.710182189941406
128.67950439453125,26.547632217407227
129.16439819335938,26.39208221435547
129.65277099609375,26.24787139892578
130.14439392089844,26.115068435668945
130.63897705078125,25.993745803833008
131.13624572753906,25.883975982666016
131.63592529296875,25.785812377929688
132.13775634765625,25.69931411743164
132.64146423339844,25.624523162841797
133.14854431152344,25.5577392578125
133.63523864746094,25.496421813964844
134.12225341796875,25.437747955322266
134.6095733642578,25.381698608398438
135.09718322753906,25.32829475402832
135.5850830078125,25.277523040771484
136.07327270507812,25.229394912719727
136.56167602539062,25.183900833129883
137.0503387451172,25.14105796813965
137.54148864746094,25.1005859375
138.03985595703125,25.060304641723633
138.53823852539062,25.020023345947266
139.03660583496094,24.979740142822266
139.5349884033203,24.9394588470459
140.03335571289062,24.89917755126953
140.53369140625,24.863950729370117
141.0426788330078,24.846529006958008
141.55198669433594,24.848220825195312
142.06082153320312,24.869020462036133
142.5685577392578,24.90890121459961
143.0744171142578,24.967803955078125
143.57772827148438,25.045650482177734
144.0777587890625,25.142322540283203
144.5738067626953,25.2576961517334
145.05685424804688,25.38864517211914
145.53799438476562,25.524686813354492
146.0191192626953,25.660730361938477
146.50025939941406,25.796772003173828
146.9813995361328,25.93281364440918
147.4609832763672,26.11238670349121
147.8173065185547,26.46315574645996
148.17361450195312,26.81392478942871
148.52993774414062,27.164695739746094
148.88624572753906,27.515464782714844
149.24256896972656,27.866235733032227
149.598876953125,28.217004776000977
149.9552001953125,28.56777572631836
150.31150817871094,28.91854476928711
150.70611572265625,29.228769302368164
150.7877655029297,29.722057342529297
150.86941528320312,30.21534538269043
150.95106506347656,30.708633422851562
151.03271484375,31.201921463012695
151.11436462402344,31.69521141052246
151.19601440429688,32.188499450683594
151.27774047851562,32.69211196899414
151.35325622558594,33.19187545776367
151.4232177734375,33.69245529174805
151.487548828125,34.19378662109375
151.54629516601562,34.69580078125
151.59939575195312,35.19844055175781
151.64759826660156,35.706878662109375
151.69329833984375,36.20478820800781
151.709716796875,36.696434020996094
151.41160583496094,37.10309982299805
151.11566162109375,37.50611877441406
150.81973266601562,37.90913772583008
150.5238037109375,38.312156677246094
150.2254180908203,38.71760177612305
149.90997314453125,39.10681915283203
149.56777954101562,39.472747802734375
149.20054626464844,39.81355667114258
148.81015014648438,40.12753677368164
148.3984832763672,40.41311264038086
147.9690399169922,40.676143646240234
147.54136657714844,40.93518829345703
147.11370849609375,41.19423294067383
146.66433715820312,41.4210319519043
146.18809509277344,41.58800506591797
145.70140075683594,41.718074798583984
145.2171630859375,41.84263229370117
144.73292541503906,41.967185974121094
144.24868774414062,42.09174346923828
143.7644500732422,42.21630096435547
143.28021240234375,42.34085464477539
142.7959747314453,42.46541213989258
142.31173706054688,42.589969635009766
141.82749938964844,42.71452713012695
141.34326171875,42.839080810546875
140.85902404785156,42.96363830566406
140.37478637695312,43.08819580078125
139.8905487060547,43.21274948120117
139.40631103515625,43.33730697631836
138.9220733642578,43.46186447143555
138.43783569335938,43.586421966552734
137.95359802246094,43.710975646972656
137.4693603515625,43.835533142089844
136.98512268066406,43.96009063720703
136.50088500976562,44.08464813232422
136.0166473388672,44.20920181274414
135.53240966796875,44.33375930786133
135.0481719970703,44.458316802978516
134.56393432617188,44.5828742980957
134.07969665527344,44.707427978515625
133.595458984375,44.83198547363281
133.11122131347656,44.95654296875
132.62698364257812,45.08109664916992
132.1427459716797,45.20565414428711
131.65850830078125,45.3302116394043
131.1742706298828,45.454769134521484
130.69004821777344,45.579322814941406
130.205810546875,45.703880310058594
129.72157287597656,45.82843780517578
129.23733520507812,45.9529914855957
128.7530975341797,46.07754898071289
128.26885986328125,46.20210647583008
127.79439544677734,46.32497024536133
127.3223876953125,46.456539154052734
126.8534927368164,46.59886932373047
126.38798522949219,46.75187683105469
125.92609405517578,46.915504455566406
125.46806335449219,47.08964538574219
125.0141372680664,47.27421569824219
124.5645523071289,47.4691162109375
124.11954498291016,47.67425537109375
123.6793441772461,47.88951110839844
123.24417877197266,48.114776611328125
122.79844665527344,48.35856628417969
122.36158752441406,48.601783752441406
121.92472839355469,48.845001220703125
121.48786926269531,49.088218688964844
121.05101013183594,49.33143615722656
120.60902404785156,49.59354019165039
120.22171783447266,49.90671157836914
119.87049865722656,50.301605224609375
119.58805084228516,50.76428985595703
119.37559509277344,51.23634719848633
119.17236328125,51.693180084228516
118.96913146972656,52.1500129699707
118.76589965820312,52.60684585571289
118.56266021728516,53.06367874145508
118.35942840576172,53.520511627197266
118.17150115966797,53.97386932373047
118.033203125,54.47134017944336
117.9784927368164,55.018821716308594
118.03400421142578,55.56622314453125
118.1405029296875,56.06709289550781
118.25120544433594,56.56654357910156
118.37593078613281,57.05039978027344
118.5177993774414,57.52950668334961
118.6766586303711,58.00325012207031
118.85228729248047,58.471038818359375
119.0444564819336,58.932273864746094
119.25293731689453,59.38637161254883
119.47747039794922,59.83275604248047
119.71775817871094,60.27085494995117
119.9734878540039,60.70011901855469
120.24435424804688,61.12000274658203
120.5300064086914,61.52996826171875
120.830078125,61.929500579833984
121.15254211425781,62.33863830566406
121.47151184082031,62.7429313659668
121.78121185302734,63.13547134399414
122.10025787353516,63.53366470336914
122.42010498046875,63.91248321533203
122.74976348876953,64.28279876708984
123.08900451660156,64.64436340332031
123.43759155273438,64.99691772460938
123.7952880859375,65.34024047851562
124.1618423461914,65.674072265625
124.54141235351562,65.99971771240234
124.93254089355469,66.29674530029297
125.3425064086914,66.56715393066406
125.76952362060547,66.80976104736328
126.21170043945312,67.02349853515625
126.66707611083984,67.2074203491211
127.13365936279297,67.3607177734375
127.60938262939453,67.48272705078125
128.0921630859375,67.57289123535156
128.58108520507812,67.63379669189453
129.0984649658203,67.67092895507812
129.6171112060547,67.68028259277344
130.13548278808594,67.6618423461914
130.6521453857422,67.61567687988281
131.16558837890625,67.54190063476562
131.67434692382812,67.44073486328125
132.17694091796875,67.31244659423828
132.6635284423828,67.17243957519531
133.14401245117188,67.03411102294922
133.61611938476562,66.89590454101562
134.0880584716797,66.75241088867188
134.55845642089844,66.60398864746094
135.02731323242188,66.45066833496094
135.4945068359375,66.2924575805664
135.9600372314453,66.1293716430664
136.42384338378906,65.9614486694336
136.8858642578125,65.78868865966797
137.34605407714844,65.6111068725586
137.80438232421875,65.4287338256836
138.26075744628906,65.24158477783203
138.72787475585938,65.04547119140625
139.18875122070312,64.85160827636719
139.64964294433594,64.65775299072266
140.11053466796875,64.4638900756836
140.57142639160156,64.27003479003906
141.03231811523438,64.076171875
141.49319458007812,63.88231658935547
141.95408630371094,63.688453674316406
142.41497802734375,63.49459457397461
142.87586975097656,63.30073547363281
143.33676147460938,63.106876373291016
143.79763793945312,62.91301727294922
144.25852966308594,62.71915817260742
144.71942138671875,62.525299072265625
145.18031311035156,62.33143997192383
145.64120483398438,62.137577056884766
146.10208129882812,61.94371795654297
146.56297302246094,61.74985885620117
147.02386474609375,61.555999755859375
147.48475646972656,61.36214065551758
147.94564819335938,61.16828155517578
148.40652465820312,60.974422454833984
148.86741638183594,60.78056335449219
149.32830810546875,60.586700439453125
149.78919982910156,60.39284133911133
150.25009155273438,60.19898223876953
150.7235107421875,59.998287200927734
151.17674255371094,59.80028533935547
151.6277313232422,59.59722137451172
152.07644653320312,59.38911056518555
152.52276611328125,59.175994873046875
152.96670532226562,58.9578857421875
153.40814208984375,58.73481750488281
153.8470458984375,58.50681686401367
154.2834014892578,58.27391052246094
154.7170867919922,58.0361328125
155.14810180664062,57.79350662231445
155.57635498046875,57.54607391357422
156.0018310546875,57.293853759765625
156.4244384765625,57.03688430786133
156.8441619873047,56.77519226074219
157.26089477539062,56.50881576538086
157.6746368408203,56.23778533935547
158.08531188964844,55.96213912963867
158.49285888671875,55.681907653808594
158.89724731445312,55.39712905883789
159.29844665527344,55.10783386230469
159.6963348388672,54.814064025878906
160.09938049316406,54.51177978515625
160.4993133544922,54.21168899536133
160.8965606689453,53.9111442565918
161.3003692626953,53.592384338378906
161.6968994140625,53.26459503173828
162.0859375,52.927947998046875
162.46725463867188,52.58260726928711
162.84071350097656,52.228755950927734
163.20608520507812,51.8665657043457
163.56320190429688,51.49623107910156
163.911865234375,51.11793518066406
164.2519073486328,50.73186492919922
164.58316040039062,50.338226318359375
164.90545654296875,49.93721389770508
165.21861267089844,49.52903366088867
165.52249145507812,49.1138916015625
165.81689453125,48.69200134277344
166.1017303466797,48.263572692871094
166.3768310546875,47.82883071899414
166.63426208496094,47.403045654296875
166.89134216308594,46.97418975830078
167.13951110839844,46.5487174987793
167.37744140625,46.11661148071289
167.60459899902344,45.67874526977539
167.82086181640625,45.23539733886719
168.02609252929688,44.78683090209961
168.2201385498047,44.33332824707031
168.40293884277344,43.875160217285156
168.5743408203125,43.41261291503906
168.73422241210938,42.94597244262695
168.88253784179688,42.47550964355469
169.01918029785156,42.00152587890625
169.14402770996094,41.52431106567383
169.25704956054688,41.04414749145508
169.35816955566406,40.56134033203125
169.44729614257812,40.07617950439453
169.52786254882812,39.586666107177734
169.60260009765625,39.09675598144531
169.67156982421875,38.60600662231445
169.73475646972656,38.11447525024414
169.7921600341797,37.62223434448242
169.8437957763672,37.129356384277344
169.8896026611328,36.63590621948242
169.9296112060547,36.141944885253906
169.9638214111328,35.647560119628906
169.99220275878906,35.152793884277344
170.0147705078125,34.65773391723633
170.03152465820312,34.16244125366211
170.0424346923828,33.666988372802734
170.0475311279297,33.17144012451172
170.04627990722656,32.665794372558594
170.03347778320312,32.1712532043457
170.00802612304688,31.677204132080078
169.969970703125,31.183963775634766
169.91932678222656,30.69186019897461
169.8561248779297,30.20120620727539
169.78041076660156,29.712329864501953
169.6922149658203,29.225549697875977
169.5916290283203,28.741180419921875
169.47869873046875,28.25953483581543
169.35348510742188,27.78093719482422
169.21609497070312,27.305696487426758
169.06658935546875,26.834115982055664
168.9051055908203,26.366512298583984
168.73170471191406,25.903186798095703
168.54127502441406,25.430753707885742
168.35093688964844,24.96839714050293
168.16061401367188,24.506040573120117
167.96603393554688,24.035036087036133
167.77194213867188,23.578556060791016
167.57240295410156,23.124441146850586
167.36740112304688,22.672758102416992
167.156982421875,22.22357177734375
166.94119262695312,21.776945114135742
166.72006225585938,21.332942962646484
166.49359130859375,20.891632080078125
166.2618408203125,20.45307159423828
166.0248260498047,20.0173282623291
165.78262329101562,19.58446502685547
165.52720642089844,19.14240837097168
165.26132202148438,18.711275100708008
164.98162841796875,18.28896141052246
164.6884307861328,17.87590217590332
164.3820343017578,17.4725341796875
164.06277465820312,17.07927894592285
163.73097229003906,16.696544647216797
163.38697814941406,16.324731826782227
163.03115844726562,15.964229583740234
162.6638641357422,15.615409851074219
162.28549194335938,15.278643608093262
161.89642333984375,14.954277992248535
161.49757385253906,14.636028289794922
161.109619140625,14.328630447387695
160.6986541748047,14.01637077331543
160.2804718017578,13.713862419128418
159.85528564453125,13.4212646484375
159.42335510253906,13.138745307922363
158.98487854003906,12.86645793914795
158.54014587402344,12.604552268981934
158.08937072753906,12.35317611694336
157.6328125,12.112464904785156
157.17071533203125,11.882554054260254
156.70333862304688,11.663567543029785
156.23094177246094,11.455631256103516
155.75379943847656,11.258857727050781
155.2721405029297,11.073352813720703
154.79165649414062,10.897842407226562
154.3218536376953,10.726726531982422
153.85205078125,10.555610656738281
153.38064575195312,10.384008407592773
152.90562438964844,10.21228313446045
152.43008422851562,10.04194450378418
151.95404052734375,9.87300968170166
151.47752380371094,9.705460548400879
151.00048828125,9.539315223693848
150.52297973632812,9.374558448791504
150.0449981689453,9.211202621459961
149.56654357910156,9.049249649047852
149.08761596679688,8.888700485229492
148.60821533203125,8.729568481445312
148.1283416748047,8.57182502746582
147.64801025390625,8.415483474731445
147.167236328125,8.260560989379883
146.6859893798828,8.107041358947754
146.204345703125,7.9549384117126465
145.72219848632812,7.804239749908447
145.2396240234375,7.6549577713012695
144.7566375732422,7.5070953369140625
144.27320861816406,7.360635280609131
143.79090881347656,7.215987682342529
143.31187438964844,7.072688579559326
142.83285522460938,6.929388523101807
142.35382080078125,6.7860894203186035
141.8748016357422,6.642789363861084
141.39576721191406,6.4994893074035645
140.916748046875,6.356190204620361
140.43772888183594,6.212891101837158
139.9586944580078,6.069591045379639
139.47967529296875,5.926290988922119
139.0006561279297,5.782991886138916
138.52162170410156,5.6396918296813965
138.0426025390625,5.496392726898193
137.56356811523438,5.353092670440674
137.0845489501953,5.209792613983154
136.6055145263672,5.066493511199951
136.12649536132812,4.923193454742432
135.64747619628906,4.779893398284912
135.16844177246094,4.636594295501709
134.68942260742188,4.4932942390441895
134.2104034423828,4.34999418258667
133.7313690185547,4.206695079803467
133.25234985351562,4.063395023345947
132.7733154296875,3.920095920562744
132.29429626464844,3.7767958641052246
131.8152618408203,3.633495807647705
131.33624267578125,3.490196704864502
130.8572235107422,3.3468966484069824
130.37818908691406,3.203596591949463
129.899169921875,3.0602974891662598
129.42015075683594,2.9169974327087402
128.94113159179688,2.773698329925537
128.46209716796875,2.6303982734680176
127.98307800292969,2.487098217010498
127.5040512084961,2.3437981605529785
127.0250244140625,2.2004990577697754
126.5459976196289,2.057199001312256
126.06697082519531,1.9138998985290527
125.58795166015625,1.7705998420715332
125.10892486572266,1.6273002624511719
124.62989807128906,1.4840006828308105
124.15087127685547,1.340700626373291
123.6718521118164,1.1974010467529297
123.19282531738281,1.0541014671325684
122.71379852294922,0.9108014106750488
122.23477172851562,0.7675023078918457
121.75574493408203,0.6242022514343262
121.27671813964844,0.48090243339538574
120.79769897460938,0.3376028537750244
120.31867218017578,0.19430303573608398
119.83964538574219,0.051003456115722656
119.3606185913086,-0.09229636192321777
118.881591796875,-0.2355961799621582
118.40257263183594,-0.37889575958251953
117.92354583740234,-0.5221953392028809
117.44451904296875,-0.6654951572418213
116.96549224853516,-0.8087949752807617
116.48646545410156,-0.952094554901123
116.0074462890625,-1.0953943729400635
115.5284194946289,-1.2386939525604248
115.04939270019531,-1.3819937705993652
114.56902313232422,-1.5255506038665771
114.08731079101562,-1.6688644886016846
113.60539245605469,-1.811472773551941
113.12325286865234,-1.9533450603485107
112.64091491699219,-2.0945420265197754
112.15835571289062,-2.2350034713745117
111.67559051513672,-2.3747589588165283
111.192626953125,-2.5138089656829834
110.70946502685547,-2.652122974395752
110.2260971069336,-2.78973126411438
109.74252319335938,-2.9266340732574463
109.25875091552734,-3.062831401824951
108.77476501464844,-3.1983230113983154
108.29059600830078,-3.333078622817993
107.80622100830078,-3.4671287536621094
107.32164764404297,-3.600472927093506
106.83687591552734,-3.733081340789795
106.3519287109375,-3.8649842739105225
105.86676788330078,-3.9961814880371094
105.38141632080078,-4.126673221588135
104.89588165283203,-4.2564287185668945
104.41014099121094,-4.385447978973389
103.9242172241211,-4.513792514801025
103.43811798095703,-4.6414008140563965
102.95182800292969,-4.768303394317627
102.46533203125,-4.89447021484375
101.97866821289062,-5.019930839538574
101.49181365966797,-5.144655704498291
101.00477600097656,-5.26870584487915
100.5175552368164,-5.391988754272461
100.03166961669922,-5.514357566833496
99.54679107666016,-5.636383056640625
99.0619125366211,-5.75840950012207
98.5770263671875,-5.880434989929199
98.09214782714844,-6.002460479736328
97.60726928710938,-6.124485969543457
97.12238311767578,-6.246512413024902
96.63750457763672,-6.368537902832031
96.15262603759766,-6.49056339263916
95.66773986816406,-6.612588882446289
95.182861328125,-6.734614372253418
94.68681335449219,-6.859453201293945
94.2019271850586,-6.981478691101074
93.71704864501953,-7.103504657745361
93.23217010498047,-7.225530624389648
92.74646759033203,-7.347771167755127
92.26097106933594,-7.469723701477051
91.77604675292969,-7.591552734375
91.29247283935547,-7.713080406188965
90.8120346069336,-7.834294319152832
90.33174133300781,-7.956144332885742
89.85160827636719,-8.078628540039062
89.37164306640625,-8.2017183303833
88.89183044433594,-8.32541275024414
88.40837097167969,-8.45047664642334
87.92334747314453,-8.575944900512695
87.43927764892578,-8.701166152954102
86.95521545410156,-8.826387405395508
86.47115325927734,-8.951610565185547
85.9870834350586,-9.076831817626953
85.50302124023438,-9.20205307006836
85.01895141601562,-9.327274322509766
84.5348892211914,-9.452495574951172
84.05081939697266,-9.577716827392578
83.56675720214844,-9.702938079833984
83.08268737792969,-9.82815933227539
82.59862518310547,-9.953380584716797
82.11455535888672,-10.078603744506836
81.6304931640625,-10.203824996948242
81.14642333984375,-10.329046249389648
80.66236114501953,-10.454267501831055
80.17829895019531,-10.579488754272461
79.69422912597656,-10.704710006713867
79.21016693115234,-10.829931259155273
78.72618103027344,-10.955133438110352
78.24388122558594,-11.080182075500488
77.76170349121094,-11.205718040466309
77.27965545654297,-11.331708908081055
76.79772186279297,-11.45821762084961
76.31593322753906,-11.585183143615723
75.83425903320312,-11.712664604187012
75.35270690917969,-11.840603828430176
74.87129974365234,-11.969027519226074
74.38972473144531,-12.097990989685059
73.90679168701172,-12.227507591247559
73.42385864257812,-12.357022285461426
72.94091796875,-12.486536979675293
72.44564056396484,-12.617591857910156
71.94873809814453,-12.745131492614746
71.45091247558594,-12.86898422241211
70.95217895507812,-12.989127159118652
70.45255279541016,-13.10556697845459
69.95207977294922,-13.218280792236328
69.45079040527344,-13.327276229858398
68.94869232177734,-13.432544708251953
68.44583892822266,-13.534073829650879
67.94223022460938,-13.631867408752441
67.43791961669922,-13.725911140441895
66.93292236328125,-13.816197395324707
66.42726135253906,-13.902735710144043
65.92098236083984,-13.985515594482422
65.41409301757812,-14.064521789550781
64.91496276855469,-14.139305114746094
64.4204330444336,-14.213142395019531
63.92591857910156,-14.286979675292969
63.431400299072266,-14.360818862915039
62.93688201904297,-14.434656143188477
62.44236373901367,-14.508493423461914
61.93905258178711,-14.582680702209473
61.432395935058594,-14.65401554107666
60.92527770996094,-14.72198486328125
60.4177131652832,-14.786566734313965
59.90973663330078,-14.84777545928955
59.4013557434082,-14.905595779418945
58.89260482788086,-14.960027694702148
58.383506774902344,-15.011072158813477
57.87407302856445,-15.05872631072998
57.364341735839844,-15.102977752685547
56.85432434082031,-15.143841743469238
56.34404373168945,-15.181307792663574
55.83352279663086,-15.215371131896973
55.32278823852539,-15.246037483215332
54.82292556762695,-15.274192810058594
54.31621551513672,-15.302732467651367
53.8170051574707,-15.330849647521973
53.31521987915039,-15.358985900878906
52.81248092651367,-15.386674880981445
52.30971145629883,-15.413871765136719
51.80691909790039,-15.440546035766602
51.304100036621094,-15.466729164123535
50.80280685424805,-15.492464065551758
50.299949645996094,-15.51784896850586
49.79706573486328,-15.542771339416504
49.294158935546875,-15.567140579223633
48.791221618652344,-15.591050148010254
48.28941345214844,-15.614385604858398
47.78995132446289,-15.63752555847168
47.2956428527832,-15.660426139831543
46.796180725097656,-15.683566093444824
46.296714782714844,-15.706706047058105
45.7972526550293,-15.72984504699707
45.297786712646484,-15.752985000610352
44.79832077026367,-15.776124000549316
44.298858642578125,-15.799263954162598
43.79939270019531,-15.822403907775879
43.299930572509766,-15.845542907714844
42.80488204956055,-15.868477821350098
42.308197021484375,-15.891521453857422
41.804039001464844,-15.916733741760254
41.30003356933594,-15.944866180419922
40.796199798583984,-15.975903511047363
40.29254913330078,-16.009845733642578
39.78910827636719,-16.04669952392578
39.27800369262695,-16.08287811279297
38.766239166259766,-16.113563537597656
38.254180908203125,-16.13874053955078
37.74187469482422,-16.158405303955078
37.22938919067383,-16.17255210876465
36.728553771972656,-16.181270599365234
36.228607177734375,-16.18867301940918
35.72895050048828,-16.193073272705078
35.219566345214844,-16.191984176635742
34.71957015991211,-16.190387725830078
34.21957015991211,-16.18878936767578
33.719573974609375,-16.187191009521484
33.21957778930664,-16.185592651367188
32.71957778930664,-16.18399429321289
32.219581604003906,-16.182397842407227
31.71958351135254,-16.18079948425293
31.21958351135254,-16.179201126098633
30.719587326049805,-16.177602767944336
30.219589233398438,-16.17600440979004
29.719593048095703,-16.174407958984375
29.219594955444336,-16.172809600830078
28.71959686279297,-16.17121124267578
28.219600677490234,-16.169612884521484
27.719602584838867,-16.168014526367188
27.2196044921875,-16.166418075561523
26.719608306884766,-16.164819717407227
26.2196102142334,-16.16322135925293
25.71961212158203,-16.161623001098633
25.219615936279297,-16.160024642944336
24.71961784362793,-16.158428192138672
24.219621658325195,-16.156829833984375
23.719623565673828,-16.155231475830078
23.21962547302246,-16.15363311767578
22.719629287719727,-16.152034759521484
22.21963119506836,-16.15043830871582
21.719633102416992,-16.148839950561523
21.219636917114258,-16.147241592407227
20.71963882446289,-16.14564323425293
20.219640731811523,-16.144046783447266
19.71964454650879,-16.14244842529297
19.219646453857422,-16.140850067138672
18.719648361206055,-16.139251708984375
18.21965217590332,-16.137653350830078
17.719654083251953,-16.136056900024414
17.219655990600586,-16.134458541870117
16.71965980529785,-16.13286018371582
16.219661712646484,-16.131261825561523
15.71966552734375,-16.129663467407227
15.219669342041016,-16.128067016601562
14.719671249389648,-16.126468658447266
14.219674110412598,-16.12487030029297
13.71967601776123,-16.123271942138672
13.21967887878418,-16.121673583984375
12.719681739807129,-16.12007713317871
12.219683647155762,-16.118478775024414
11.719686508178711,-16.116880416870117
11.21968936920166,-16.11528205871582
10.719691276550293,-16.113683700561523
10.219694137573242,-16.11208724975586
9.719696998596191,-16.110488891601562
9.219698905944824,-16.108890533447266
8.719701766967773,-16.10729217529297
8.219704627990723,-16.105693817138672
7.719705581665039,-16.104097366333008
7.219708442687988,-16.10249900817871
6.719710826873779,-16.100900650024414
6.2197136878967285,-16.099302291870117
5.7197160720825195,-16.09770393371582
5.219718933105469,-16.096107482910156
4.71972131729126,-16.09450912475586
4.219723701477051,-16.092910766601562
3.7197265625,-16.091312408447266
3.219728946685791,-16.08971405029297
2.719731569290161,-16.088117599487305
2.219733953475952,-16.086519241333008
1.7197368144989014,-16.08492088317871
1.2197394371032715,-16.083322525024414
0.7197417616844177,-16.081724166870117
0.21974430978298187,-16.080127716064453
-0.2802530825138092,-16.078529357910156
-0.7802505493164062,-16.07693099975586
-1.2802479267120361,-16.075332641601562
-1.7739282846450806,-16.073755264282227
-2.273926019668579,-16.07215690612793
-2.773923397064209,-16.070560455322266
-3.273920774459839,-16.06896209716797
-3.773658514022827,-16.067365646362305
-4.2701568603515625,-16.066062927246094
-4.767383575439453,-16.06524658203125
-5.267383575439453,-16.06458282470703
-5.767382621765137,-16.06391716003418
-6.267382621765137,-16.063251495361328
-6.7673821449279785,-16.06258773803711
-7.265438556671143,-16.061981201171875
-7.761938571929932,-16.06182861328125
-8.258919715881348,-16.06222152709961
-8.758919715881348,-16.06276512145996
-9.258919715881348,-16.063308715820312
-9.758918762207031,-16.063852310180664
-10.250141143798828,-16.064388275146484
-10.750140190124512,-16.064931869506836
-11.250140190124512,-16.065475463867188
-11.750140190124512,-16.06601905822754
-12.249859809875488,-16.066556930541992
-12.748108863830566,-16.06740951538086
-13.246356964111328,-16.068777084350586
-13.744604110717773,-16.070663452148438
-14.24284839630127,-16.073034286499023
-14.741089820861816,-16.07589340209961
-15.239328384399414,-16.079238891601562
-15.737563133239746,-16.083099365234375
-16.235794067382812,-16.087480545043945
-16.734020233154297,-16.092315673828125
-17.232242584228516,-16.097667694091797
-17.730457305908203,-16.10353660583496
-18.228666305541992,-16.109893798828125
-18.727951049804688,-16.116676330566406
-19.2279052734375,-16.123489379882812
-19.72785758972168,-16.130306243896484
-20.227811813354492,-16.13711929321289
-20.727766036987305,-16.143936157226562
-21.227718353271484,-16.15074920654297
-21.733877182006836,-16.15349769592285
-22.24284553527832,-16.146419525146484
-22.75157928466797,-16.12944793701172
-23.259885787963867,-16.102590560913086
-23.767576217651367,-16.06585693359375
-24.27445411682129,-16.019258499145508
-24.780330657958984,-15.96281623840332
-25.285015106201172,-15.896547317504883
-25.788314819335938,-15.820480346679688
-26.290040969848633,-15.73464298248291
-26.79000473022461,-15.639068603515625
-27.288015365600586,-15.533791542053223
-27.783884048461914,-15.418852806091309
-28.277423858642578,-15.294296264648438
-28.768449783325195,-15.16016674041748
-29.256776809692383,-15.016515731811523
-29.742216110229492,-14.86340045928955
-30.224590301513672,-14.700876235961914
-30.703712463378906,-14.529004096984863
-31.17940330505371,-14.347848892211914
-31.651477813720703,-14.157482147216797
-32.11976623535156,-13.957971572875977
-32.58408737182617,-13.749396324157715
-33.04426574707031,-13.531832695007324
-33.49394989013672,-13.308712005615234
-33.94045639038086,-13.083702087402344
-34.386966705322266,-12.858692169189453
-34.83347702026367,-12.633682250976562
-35.27998733520508,-12.408672332763672
-35.72649383544922,-12.183662414550781
-36.173004150390625,-11.958654403686523
-36.61951446533203,-11.733644485473633
-37.0627326965332,-11.517752647399902
-37.53150939941406,-11.331368446350098
-38.0141487121582,-11.184527397155762
-38.507301330566406,-11.078240394592285
-39.007564544677734,-11.013240814208984
-39.51150894165039,-10.989975929260254
-40.01564025878906,-11.008607864379883
-40.516483306884766,-11.069007873535156
-41.01059341430664,-11.170757293701172
-41.49455642700195,-11.31315803527832
-41.96503829956055,-11.495223999023438
-42.41878128051758,-11.715702056884766
-42.85266876220703,-11.973072052001953
-43.2691764831543,-12.246377944946289
-43.692142486572266,-12.502141952514648
-44.124900817871094,-12.740955352783203
-44.566776275634766,-12.962447166442871
-45.0170783996582,-13.166267395019531
-45.475093841552734,-13.352097511291504
-45.94011306762695,-13.519646644592285
-46.411399841308594,-13.668649673461914
-46.88821792602539,-13.79887580871582
-47.369815826416016,-13.910118103027344
-47.855438232421875,-14.002202987670898
-48.34433364868164,-14.07498836517334
-48.835723876953125,-14.12835693359375
-49.3288459777832,-14.162224769592285
-49.82291793823242,-14.176541328430176
-50.31716537475586,-14.171281814575195
-50.810829162597656,-14.146456718444824
-51.3031120300293,-14.102104187011719
-51.79325485229492,-14.03829288482666
-52.280487060546875,-13.955122947692871
-52.764068603515625,-13.854050636291504
-53.25265884399414,-13.747845649719238
-53.74688720703125,-13.640049934387207
-54.24834060668945,-13.527186393737793
-54.74888229370117,-13.410317420959473
-55.24846649169922,-13.289444923400879
-55.74706268310547,-13.164580345153809
-56.24464797973633,-13.035731315612793
-56.741188049316406,-12.902905464172363
-57.23665237426758,-12.76611614227295
-57.73100280761719,-12.625361442565918
-58.224212646484375,-12.480661392211914
-58.71624755859375,-12.332015991210938
-59.20708084106445,-12.179442405700684
-59.69667053222656,-12.022947311401367
-60.185001373291016,-11.86253833770752
-60.672027587890625,-11.698230743408203
-61.15773010253906,-11.530029296875
-61.642066955566406,-11.357949256896973
-62.1250114440918,-11.181999206542969
-62.60653305053711,-11.002195358276367
-63.08660125732422,-10.818538665771484
-63.565185546875,-10.631052017211914
-64.0422592163086,-10.439741134643555
-64.50712585449219,-10.249473571777344
-64.96524810791016,-10.067818641662598
-65.42662811279297,-9.894613265991211
-65.89112854003906,-9.729920387268066
-66.35855865478516,-9.573793411254883
-66.82878875732422,-9.426284790039062
-67.3016586303711,-9.287444114685059
-67.77699279785156,-9.157317161560059
-68.254638671875,-9.035951614379883
-68.73442840576172,-8.923386573791504
-69.21621704101562,-8.819660186767578
-69.69982147216797,-8.724806785583496
-70.18509674072266,-8.638858795166016
-70.67185974121094,-8.561844825744629
-71.15995788574219,-8.493792533874512
-71.64923095703125,-8.434722900390625
-72.13951110839844,-8.38465690612793
-72.63062286376953,-8.343612670898438
-73.12240600585938,-8.311600685119629
-73.61468505859375,-8.288636207580566
-74.1073226928711,-8.274723052978516
-74.61150360107422,-8.269217491149902
-75.11149597167969,-8.265632629394531
-75.61148071289062,-8.262048721313477
-76.11146545410156,-8.258463859558105
-76.61145782470703,-8.254878997802734
-77.11144256591797,-8.25129508972168
-77.6114273071289,-8.247710227966309
-78.11529541015625,-8.242877960205078
-78.6116714477539,-8.217329025268555
-79.10588073730469,-8.164290428161621
-79.59638214111328,-8.083925247192383
-80.08167266845703,-7.9764790534973145
-80.56024932861328,-7.842283248901367
-81.0306625366211,-7.681752681732178
-81.49143981933594,-7.49537992477417
-81.94117736816406,-7.28373908996582
-82.37847137451172,-7.047481060028076
-82.802001953125,-6.787333965301514
-83.21044921875,-6.504097938537598
-83.6025619506836,-6.19864559173584
-83.97711181640625,-5.871916770935059
-84.33299255371094,-5.524916648864746
-84.66905975341797,-5.158714294433594
-84.98431396484375,-4.774436950683594
-85.27777099609375,-4.373266696929932
-85.54850769042969,-3.9564390182495117
-85.79573059082031,-3.5252370834350586
-86.0186538696289,-3.0809874534606934
-86.21659088134766,-2.625059127807617
-86.38893127441406,-2.1588544845581055
-86.53515625,-1.6838083267211914
-86.65482330322266,-1.2013839483261108
-86.74754333496094,-0.7130658626556396
-86.81302642822266,-0.22035720944404602
-86.85108947753906,0.275225430727005
-86.86161041259766,0.7721561789512634
-86.84455871582031,1.268905520439148
-86.79998016357422,1.7639446258544922
-86.72801208496094,2.255749225616455
-86.62887573242188,2.7428054809570312
-86.51371002197266,3.2199506759643555
-86.40098571777344,3.719930410385132
-86.32744598388672,4.206993103027344
-86.29090881347656,4.69821834564209
-86.29158020019531,5.190800666809082
-86.32945251464844,5.6819257736206055
-86.40430450439453,6.168786525726318
-86.51570892333984,6.648604869842529
-86.66304779052734,7.118636608123779
-86.845458984375,7.576197624206543
-87.0619125366211,8.018675804138184
-87.31117248535156,8.443541526794434
-87.59180450439453,8.848368644714355
-87.9021987915039,9.230843544006348
-88.2406005859375,9.588781356811523
-88.6050796508789,9.920137405395508
-88.99353790283203,10.22301959991455
-89.40376281738281,10.495697975158691
-89.83340454101562,10.736613273620605
-90.28002166748047,10.944389343261719
-90.7410659790039,11.117839813232422
-91.21387481689453,11.255974769592285
-91.6957778930664,11.358003616333008
-92.18400573730469,11.423343658447266
-92.67935943603516,11.46351146697998
-93.17779541015625,11.503085136413574
-93.67622375488281,11.542656898498535
-94.1746597290039,11.582230567932129
-94.67308807373047,11.621804237365723
-95.17151641845703,11.661377906799316
-95.66995239257812,11.70095157623291
-96.16838073730469,11.740525245666504
-96.66681671142578,11.780098915100098
-97.16524505615234,11.819670677185059
-97.6636734008789,11.859244346618652
-98.162109375,11.898818016052246
-98.6605453491211,11.93839168548584
-99.15897369384766,11.977965354919434
-99.65740203857422,12.017539024353027
-100.15583038330078,12.057112693786621
-100.65426635742188,12.096684455871582
-101.15270233154297,12.136258125305176
-101.65113067626953,12.17583179473877
-102.1495590209961,12.215405464172363
-102.64799499511719,12.254979133605957
-103.14642333984375,12.29455280303955
-103.64485931396484,12.334126472473145
-104.1432876586914,12.373698234558105
-104.64171600341797,12.4132719039917
-105.14015197753906,12.452845573425293
-105.63858032226562,12.492419242858887
-106.13701629638672,12.53199291229248
-106.63544464111328,12.571566581726074
-107.13387298583984,12.611140251159668
-107.63230895996094,12.650712013244629
-108.1307373046875,12.690285682678223
-108.6291732788086,12.729859352111816
-109.12760162353516,12.76943302154541
-109.62602996826172,12.809006690979004
-110.12446594238281,12.848580360412598
-110.62289428710938,12.888154029846191
-111.12133026123047,12.927725791931152
-111.61975860595703,12.967299461364746
-112.1181869506836,13.00687313079834
-112.61662292480469,13.046446800231934
-113.11505126953125,13.086020469665527
-113.61348724365234,13.125594139099121
-114.1119155883789,13.165167808532715
-114.6103515625,13.204739570617676
-115.10877990722656,13.24431324005127
-115.60720825195312,13.283886909484863
-116.10564422607422,13.323460578918457
-116.60407257080078,13.36303424835205
-117.10250854492188,13.402607917785645
-117.60093688964844,13.442181587219238
-118.099365234375,13.4817533493042
-118.5978012084961,13.521327018737793
-119.09622955322266,13.560900688171387
-119.59466552734375,13.60047435760498
-120.09309387207031,13.640048027038574
-120.5915298461914,13.679621696472168
-121.08995819091797,13.719195365905762
-121.58838653564453,13.758767127990723
-122.10020446777344,13.799057006835938
-122.59447479248047,13.827218055725098
-123.08939361572266,13.839860916137695
-123.58445739746094,13.83697509765625
-124.08517456054688,13.81962776184082
-124.5765151977539,13.81684398651123
-125.09803009033203,13.85531234741211
-125.61444091796875,13.937725067138672
-126.12203216552734,14.063495635986328
-126.61445617675781,14.225837707519531
-127.08628845214844,14.392107009887695
-127.557861328125,14.558292388916016
-128.0319061279297,14.725471496582031
-128.50047302246094,14.894303321838379
-128.9591064453125,15.069425582885742
-129.41571044921875,15.256766319274902
-129.8675079345703,15.455411911010742
-130.31422424316406,15.665245056152344
-130.75559997558594,15.886125564575195
-131.19131469726562,16.1179256439209
-131.6200714111328,16.359838485717773
-132.0516815185547,16.615142822265625
-132.4837188720703,16.87572479248047
-132.91897583007812,17.139169692993164
-133.34034729003906,17.403364181518555
-133.75900268554688,17.688142776489258
-134.17120361328125,18.000288009643555
-134.56639099121094,18.33368492126465
-134.94351196289062,18.687410354614258
-135.30148315429688,19.060483932495117
-135.6393280029297,19.451871871948242
-135.9561309814453,19.860492706298828
-136.25099182128906,20.28521156311035
-136.51922607421875,20.717262268066406
-136.76646423339844,21.152496337890625
-137.01101684570312,21.6011905670166
-137.2496795654297,22.040555953979492
-137.48654174804688,22.475778579711914
-137.7325897216797,22.921865463256836
-137.97874450683594,23.35572052001953
-138.23049926757812,23.783161163330078
-138.48928833007812,24.206382751464844
-138.75502014160156,24.62527084350586
-139.02764892578125,25.039705276489258
-139.3070831298828,25.449581146240234
-139.59326171875,25.854780197143555
-139.88609313964844,26.25519561767578
-140.18626403808594,26.651775360107422
-140.49758911132812,27.051912307739258
-140.8031463623047,27.439002990722656
-141.11346435546875,27.830852508544922
-141.4238739013672,28.22282600402832
-141.73428344726562,28.61480140686035
-142.04649353027344,29.009153366088867
-142.35670471191406,29.413637161254883
-142.65000915527344,29.839981079101562
-142.90170288085938,30.274877548217773
-143.11106872558594,30.732370376586914
-143.27342224121094,31.213869094848633
-143.38453674316406,31.70970916748047
-143.4431610107422,32.21445083618164
-143.44869995117188,32.72255325317383
-143.40106201171875,33.228450775146484
-143.30076599121094,33.72658920288086
-143.14891052246094,34.21150588989258
-142.9471893310547,34.67788314819336
-142.69776916503906,35.12059783935547
-142.4034423828125,35.53480529785156
-142.0673828125,35.91595458984375
-141.6933135986328,36.259864807128906
-141.28533935546875,36.562767028808594
-140.85848999023438,36.81638717651367
-140.41539001464844,37.028343200683594
-139.94590759277344,37.21323776245117
-139.4776153564453,37.374324798583984
-139.00294494628906,37.53244400024414
-138.52857971191406,37.690460205078125
-138.05419921875,37.848472595214844
-137.579833984375,38.00648880004883
-137.10545349121094,38.16450500488281
-136.63107299804688,38.3225212097168
-136.15599060058594,38.480743408203125
-135.6708984375,38.64077377319336
-135.1971435546875,38.792057037353516
-134.7098388671875,38.93906021118164
-134.2348175048828,39.07100296020508
-133.7461395263672,39.19231414794922
-133.2470703125,39.298885345458984
-132.74447631835938,39.38817596435547
-132.23907470703125,39.46003723144531
-131.73150634765625,39.51439666748047
-131.2223663330078,39.551170349121094
-130.71224975585938,39.57032775878906
-130.2017822265625,39.57183837890625
-129.69155883789062,39.55570983886719
-129.18218994140625,39.521949768066406
-128.67431640625,39.470603942871094
-128.16848754882812,39.40174102783203
-127.66537475585938,39.3154296875
-127.16554260253906,39.2117805480957
-126.6695785522461,39.090919494628906
-126.1781005859375,38.95298385620117
-125.6916732788086,38.79814529418945
-125.21089172363281,38.6265869140625
-124.73780059814453,38.43921661376953
-124.27947998046875,38.240970611572266
-123.81157684326172,38.02409362792969
-123.35861206054688,37.80305099487305
-122.91905975341797,37.581302642822266
-122.46915435791016,37.35057830810547
-122.02447509765625,37.121971130371094
-121.57979583740234,36.89336395263672
-121.13511657714844,36.664756774902344
-120.69043731689453,36.43614959716797
-120.24575805664062,36.207542419433594
-119.7985610961914,35.97749710083008
-119.35567474365234,35.74551773071289
-118.92008209228516,35.50568771362305
-118.49817657470703,35.25522232055664
-118.07942962646484,34.98289489746094
-117.67266845703125,34.69297790527344
-117.27861022949219,34.38600540161133
-116.89799499511719,34.062530517578125
-116.53150177001953,33.72313690185547
-116.17977905273438,33.368446350097656
-115.84349822998047,32.99910354614258
-115.52323913574219,32.61576843261719
-115.21959686279297,32.21915054321289
-114.93311309814453,31.809955596923828
-114.6644515991211,31.389150619506836
-114.40557861328125,30.945053100585938
-114.15869140625,30.490015029907227
-113.93145751953125,30.053504943847656
-113.69853973388672,29.605234146118164
-113.45040893554688,29.161100387573242
-113.16770935058594,28.738988876342773
-112.83683776855469,28.355201721191406
-112.46085357666016,28.015483856201172
-112.04557800292969,27.725107192993164
-111.59744262695312,27.48855972290039
-111.12339782714844,27.309511184692383
-110.6448745727539,27.19312286376953
-110.15029907226562,27.123497009277344
-109.64695739746094,27.076616287231445
-109.15015411376953,27.035493850708008
-108.65505981445312,26.99469757080078
-108.16112518310547,26.958208084106445
-107.6548843383789,26.934795379638672
-107.16407775878906,26.93705177307129
-106.66464233398438,26.97361946105957
-106.16903686523438,27.045490264892578
-105.6797866821289,27.152297973632812
-105.19932556152344,27.29351043701172
-104.73008728027344,27.468414306640625
-104.27442169189453,27.676128387451172
-103.83460998535156,27.915613174438477
-103.41288757324219,28.18566131591797
-103.01546478271484,28.479883193969727
-102.61958312988281,28.803592681884766
-102.2409439086914,29.129343032836914
-101.85728454589844,29.4649600982666
-101.49276733398438,29.80030632019043
-101.14649200439453,30.170381546020508
-100.85641479492188,30.582847595214844
-100.63322448730469,31.035022735595703
-100.48224639892578,31.51614761352539
-100.40707397460938,32.0147705078125
-100.40946960449219,32.519020080566406
-100.48941040039062,33.01690673828125
-100.64063262939453,33.49465560913086
-100.83319854736328,33.95256423950195
-101.04255676269531,34.404605865478516
-101.25481414794922,34.85731506347656
-101.46707153320312,35.31002426147461
-101.67932891845703,35.762733459472656
-101.89159393310547,36.2154426574707
-102.10270690917969,36.66524887084961
-102.32115936279297,37.12415313720703
-102.53945922851562,37.567012786865234
-102.77140045166016,38.01185989379883
-103.01175689697266,38.43944549560547
-103.26638793945312,38.858211517333984
-103.53520202636719,39.26801681518555
-103.81787109375,39.66838836669922
-104.11407470703125,40.058860778808594
-104.4234619140625,40.438968658447266
-104.74566650390625,40.80827331542969
-105.08030700683594,41.16633987426758
-105.42700958251953,41.51274871826172
-105.78535461425781,41.84709548950195
-106.15492248535156,42.16898727416992
-106.53672790527344,42.47930145263672
-106.93854522705078,42.786598205566406
-107.33995819091797,43.08085632324219
-107.75650024414062,43.37895202636719
-108.16402435302734,43.66852951049805
-108.57598876953125,43.962406158447266
-108.99092102050781,44.26156234741211
-109.38694763183594,44.55186462402344
-109.78365325927734,44.84916305541992
-110.17757415771484,45.15205001831055
-110.56768035888672,45.459842681884766
-110.95388793945312,45.77250289916992
-111.33616638183594,46.08997344970703
-111.71443939208984,46.412200927734375
-112.08863830566406,46.73914337158203
-112.4587173461914,47.070743560791016
-112.82461547851562,47.406944274902344
-113.186279296875,47.74770736694336
-113.54364776611328,48.09297180175781
-113.89665985107422,48.442684173583984
-114.2452621459961,48.796791076660156
-114.58941650390625,49.15523147583008
-114.9273910522461,49.515777587890625
-115.27581024169922,49.894805908203125
-115.617919921875,50.27217483520508
-115.95491790771484,50.646751403808594
-116.28907775878906,51.01883316040039
-116.61795806884766,51.38505554199219
-116.95204162597656,51.75706100463867
-117.28357696533203,52.12620544433594
-117.63532257080078,52.49057388305664
-118.01091003417969,52.830318450927734
-118.40861511230469,53.143882751464844
-118.82661437988281,53.42982864379883
-119.26299285888672,53.68684768676758
-119.69969940185547,53.91059875488281
-120.14888763427734,54.11497497558594
-120.60708618164062,54.29822540283203
-121.07332611083984,54.459957122802734
-121.54657745361328,54.599815368652344
-122.02518463134766,54.718421936035156
-122.50554656982422,54.831451416015625
-122.9914779663086,54.94016647338867
-123.47903442382812,55.04135513305664
-123.96809387207031,55.135009765625
-124.45854949951172,55.2210807800293
-124.95027160644531,55.29956817626953
-125.44315338134766,55.370445251464844
-125.93706512451172,55.43370056152344
-126.4345703125,55.48963165283203
-126.9282455444336,55.54192352294922
-127.43205261230469,55.59163284301758
-127.93637084960938,55.63593673706055
-128.44113159179688,55.674842834472656
-128.94627380371094,55.708335876464844
-129.45175170898438,55.73641586303711
-129.95750427246094,55.75908660888672
-130.46347045898438,55.776344299316406
-130.96958923339844,55.78817367553711
-131.47579956054688,55.794586181640625
-131.98390197753906,55.79570770263672
-132.49183654785156,55.79203796386719
-132.9997100830078,55.78342819213867
-133.50746154785156,55.76985549926758
-134.01504516601562,55.751338958740234
-134.5224609375,55.72787857055664
-135.0295867919922,55.699466705322266
-135.53643798828125,55.666114807128906
-136.04293823242188,55.627830505371094
-136.54904174804688,55.58460235595703
-137.0585174560547,55.53619384765625
-137.55613708496094,55.487457275390625
-138.0537567138672,55.43871307373047
-138.55767822265625,55.38692855834961
-139.05921936035156,55.32954025268555
-139.56008911132812,55.266380310058594
-140.0601806640625,55.19744873046875
-140.55943298339844,55.12274932861328
-141.0577850341797,55.042301177978516
-141.55519104003906,54.95611572265625
-142.05157470703125,54.864192962646484
-142.54684448242188,54.76655960083008
-143.04098510742188,54.6632194519043
-143.5338897705078,54.55418395996094
-144.02532958984375,54.439491271972656
-144.5153350830078,54.319091796875
-145.00389099121094,54.1929817199707
-145.490966796875,54.061187744140625
-145.97647094726562,53.9237174987793
-146.4603271484375,53.78059387207031
-146.94248962402344,53.631832122802734
-147.4228515625,53.47746276855469
-147.90142822265625,53.3174934387207
-148.37808227539062,53.15195083618164
-148.852783203125,52.980865478515625
-149.31492614746094,52.80949401855469
-149.78359985351562,52.635318756103516
-150.25228881835938,52.461143493652344
-150.72096252441406,52.28696823120117
-151.1896514892578,52.11279296875
-151.6604461669922,51.9350700378418
-152.12457275390625,51.75200653076172
-152.58590698242188,51.56204605102539
-153.04437255859375,51.36522674560547
-153.4998321533203,51.16160583496094
-153.9522247314453,50.95121383666992
-154.4014129638672,50.734107971191406
-154.8473358154297,50.51033020019531
-155.28988647460938,50.279930114746094
-155.72894287109375,50.042964935302734
-156.1643829345703,49.79948806762695
-156.59619140625,49.54954147338867
-157.02249145507812,49.297142028808594
-157.45059204101562,49.04351806640625
-157.87786865234375,48.78533935546875
-158.30130004882812,48.52088928222656
-158.72079467773438,48.250247955322266
-159.1362762451172,47.973445892333984
-159.54762268066406,47.6905632019043
-159.9547576904297,47.40165328979492
-160.3575897216797,47.10677719116211
-160.7560577392578,46.806007385253906
-161.15708923339844,46.494407653808594
-161.55506896972656,46.17326354980469
-161.93106079101562,45.842620849609375
-162.29270935058594,45.4963264465332
-162.63934326171875,45.1349983215332
-162.97032165527344,44.75929641723633
-163.28506469726562,44.36989212036133
-163.58303833007812,43.96747970581055
-163.86984252929688,43.552772521972656
-164.13665771484375,43.13423156738281
-164.3843994140625,42.70412826538086
-164.6125946044922,42.263328552246094
-164.82073974609375,41.8127326965332
-165.00845336914062,41.353248596191406
-165.17672729492188,40.881771087646484
-165.32254028320312,40.4101448059082
-165.44601440429688,39.93265914916992
-165.5470733642578,39.44993209838867
-165.62547302246094,38.963008880615234
-165.6810302734375,38.472957611083984
-165.71365356445312,37.9808464050293
-165.73062133789062,37.47450256347656
-165.74679565429688,36.974761962890625
-165.76295471191406,36.47502517700195
-165.7759246826172,35.97711944580078
-165.6166534423828,35.5031623840332
-165.45738220214844,35.02920913696289
-165.29811096191406,34.55525588989258
-165.1388397216797,34.081298828125
-164.97958374023438,33.60734558105469
-164.8203125,33.133392333984375
-164.66104125976562,32.65943908691406
-164.50177001953125,32.185482025146484
-164.34249877929688,31.71152687072754
-164.1832275390625,31.237571716308594
-164.02395629882812,30.76361846923828
-163.8649444580078,30.29052734375
-163.69969177246094,29.803638458251953
-163.53379821777344,29.329952239990234
-163.35604858398438,28.84912109375
-163.17056274414062,28.38343620300293
-162.97238159179688,27.92442512512207
-162.7611541748047,27.47126579284668
-162.53707885742188,27.024324417114258
-162.3003387451172,26.583972930908203
-162.05108642578125,26.15056610107422
-161.78955078125,25.72446060180664
-161.51596069335938,25.306001663208008
-161.2305145263672,24.89553451538086
-160.93344116210938,24.493392944335938
-160.62503051757812,24.09990119934082
-160.3047637939453,23.714473724365234
-159.96754455566406,23.32880973815918
-159.63088989257812,22.957008361816406
-159.28221130371094,22.57952880859375
-158.9429931640625,22.214603424072266
-158.6053466796875,21.852508544921875
-158.26931762695312,21.495134353637695
-157.91732788085938,21.12590789794922
-157.5647430419922,20.763307571411133
-157.20849609375,20.405122756958008
-156.84823608398438,20.050994873046875
-156.4839630126953,19.700971603393555
-156.1157684326172,19.3550968170166
-155.74368286132812,19.013416290283203
-155.3677215576172,18.67597198486328
-154.9879913330078,18.342803955078125
-154.60450744628906,18.01396369934082
-154.21731567382812,17.689483642578125
-153.82647705078125,17.36941146850586
-153.43203735351562,17.053791046142578
-153.0330810546875,16.741777420043945
-152.6273956298828,16.430517196655273
-152.23545837402344,16.13367462158203
-151.8388214111328,15.835437774658203
-151.43910217285156,15.535473823547363
-151.03916931152344,15.235373497009277
-150.63925170898438,14.935273170471191
-150.23931884765625,14.635172843933105
